 0.87 0.93
 3.18 3.40
 0.65 0.88
 1.09 0.87
 1.28 1.22
 1.00 1.33
 0.38 0.31
 0.72 0.64
 1.01 0.87
 0.29 0.25
 1.58 1.37
 0.56 0.49
 1.07 0.85
 1.92 2.01
 0.73 0.97
 0.43 0.50
 0.86 1.21
 0.79 1.08
 1.00 1.15
 2.40 2.28
 1.52 1.75
 2.31 2.47
 0.30 0.43
 0.09 0.26
 5.58 5.57
 1.04 0.94
 1.57 1.60
 0.70 0.97
 0.33 0.44
 1.97 1.35
 4.98 4.94
 1.17 1.11
 0.76 0.96
 0.36 0.44
 3.01 3.18
 1.29 0.71
 2.02 1.90
 0.78 0.72
 0.45 0.62
 0.38 0.45
 0.36 0.32
 1.88 1.74
 0.71 0.68
 1.89 1.71
 2.04 2.07
 1.62 1.51
 3.79 3.39
 1.46 1.56
 1.01 1.05
 2.27 2.19
 0.67 0.45
 2.21 1.72
 0.53 0.74
 0.87 0.77
 1.00 1.15
 1.44 1.58
 1.48 1.58
 2.99 2.59
 1.82 1.98
 1.09 0.91
 1.75 1.80
 1.49 1.78
 2.36 2.62
 0.70 0.98
 0.42 0.60
 0.53 0.58
 0.29 0.34
 2.79 2.56
 3.92 3.69
 0.25 0.30
 1.94 2.47
 1.91 2.39
 2.16 2.23
 0.46 0.42
 2.05 1.80
 0.39 0.46
 1.28 0.91
 1.42 1.51
 0.75 0.49
 1.15 0.64
 0.99 1.30
 1.96 1.09
 0.60 0.59
 1.02 1.20
 1.27 1.65
 0.73 0.59
 0.82 0.75
 0.59 0.47
 2.15 2.11
 1.09 0.91
 2.08 2.30
 0.70 0.98
 1.07 0.57
 0.71 0.74
 0.25 0.28
 3.38 3.63
 1.85 2.31
 0.63 0.51
 0.21 0.25
 0.94 1.26
 0.63 0.70
 1.71 2.03
 0.44 0.36
 0.57 0.70
 0.47 0.65
 1.48 1.83
 0.76 0.76
 0.43 0.36
 6.68 5.94
 3.81 3.69
 0.82 1.03
 0.42 0.59
 2.54 2.36
 1.03 1.39
 0.51 0.40
 0.77 0.62
 1.15 1.25
 3.34 3.21
 0.02 0.21
 1.19 1.00
 1.34 1.55
 2.69 2.83
 2.93 2.59
 0.01 0.15
 1.09 0.90
 0.20 0.21
 0.94 0.80
 0.70 0.81
 1.71 1.56
 3.96 3.79
 0.69 0.58
 1.77 2.17
 0.39 0.33
 1.89 1.96
 1.08 0.75
 2.52 2.80
 0.82 0.81
 1.25 1.36
 3.41 3.26
 1.61 1.77
 2.33 2.38
 0.90 0.56
 2.29 2.28
 0.90 0.89
 2.75 2.82
 0.39 0.46
 0.92 0.61
 0.52 0.43
 1.57 1.53
 0.13 0.34
 0.10 0.25
 1.36 1.32
 0.97 0.95
 1.01 1.13
 0.69 0.88
 1.10 0.81
 2.60 2.58
 1.06 0.94
 0.66 0.59
 0.92 0.81
 0.94 0.95
 1.02 0.63
 0.82 0.80
 0.43 0.28
 3.61 3.04
 0.51 0.58
 0.75 0.67
 1.22 1.24
 0.75 0.64
 0.56 0.50
 2.59 2.43
 4.99 4.66
 2.15 2.39
 1.20 1.30
 1.92 1.81
 0.54 0.57
 1.25 0.64
 0.17 0.18
 2.85 2.87
 0.13 0.29
 1.08 0.43
 0.80 0.51
 1.15 1.51
 1.16 1.30
 0.73 0.82
 2.22 2.26
 1.52 1.22
 1.20 0.94
 0.59 0.46
 0.19 0.40
 0.56 0.41
 0.46 0.42
 0.31 0.41
 0.46 0.51
 0.43 0.62
 0.08 0.27
 0.22 0.19
 1.56 1.70
 3.56 3.87
 1.73 1.77
 1.24 0.93
 2.71 2.16
 0.38 0.46
 0.49 0.49
 0.98 0.90
 2.95 2.30
 0.68 0.75
 2.48 2.43
 0.29 0.27
 1.35 1.63
 2.16 2.16
 0.58 0.68
 4.29 3.83
 1.85 1.94
 0.83 0.83
 0.28 0.27
 1.78 1.81
 0.25 0.27
 3.70 3.56
 3.16 2.89
 1.28 1.19
 0.51 0.47
 0.18 0.37
 0.19 0.19
 0.64 0.49
 1.00 1.10
 5.22 5.08
 1.55 1.50
 0.83 0.97
 0.97 0.87
 4.12 3.56
 0.26 0.52
 0.60 0.48
 0.29 0.26
 2.84 2.42
 0.98 0.69
 2.16 2.46
 2.02 1.88
 0.23 0.22
 1.08 1.18
 0.03 0.18
 0.61 0.90
 0.19 0.19
 0.93 0.96
 0.51 0.75
 1.02 0.65
 1.43 1.23
 3.27 3.70
 0.49 0.75
 0.35 0.52
 0.90 0.81
 2.76 2.72
 1.72 1.97
 0.37 0.46
 0.75 0.47
 0.68 1.06
 0.44 0.52
 0.33 0.39
 0.46 0.49
 1.30 1.08
 1.20 0.94
 0.97 1.06
 0.20 0.28
 0.18 0.23
 1.13 1.43
 0.91 0.87
 3.94 4.02
 6.52 5.88
 1.35 0.90
 0.25 0.42
 0.26 0.42
 0.41 0.27
 4.13 3.90
 0.13 0.28
 0.21 0.21
 2.34 2.59
 2.03 2.05
 4.88 5.33
 3.46 3.29
 0.28 0.36
 0.15 0.34
 0.31 0.34
 0.52 0.28
 1.60 1.35
 3.16 2.12
 1.10 1.34
 0.30 0.47
 2.27 2.52
 1.27 1.58
 1.07 0.67
 0.02 0.18
 3.10 2.19
 1.58 1.59
 0.31 0.54
 2.06 2.35
 1.77 1.76
 2.95 3.58
 0.44 0.46
 2.51 2.62
 0.82 0.94
 0.88 1.17
 3.28 3.71
 0.74 0.87
 0.38 0.68
 0.58 0.42
 0.91 0.91
 2.06 2.22
 1.05 1.09
 0.91 0.93
 1.30 0.62
 0.83 0.68
 3.32 3.18
 0.24 0.26
 0.59 0.48
 0.27 0.36
 1.68 2.12
 3.39 3.71
 0.67 0.75
 0.66 0.54
 2.24 2.56
 2.19 2.82
 2.72 2.88
 2.16 2.32
 0.61 0.67
 0.59 0.35
 0.35 0.41
 0.70 0.79
 2.59 2.55
 0.37 0.53
 1.41 1.39
 2.09 2.19
 0.76 0.76
 0.65 0.88
 1.10 1.35
 2.44 2.09
 2.89 3.10
 1.76 2.16
 1.81 1.57
 1.34 1.49
 2.75 2.66
 1.85 1.68
 0.70 0.65
 1.54 1.41
 4.85 5.00
 0.82 1.13
 1.02 1.21
 0.46 0.56
 1.11 1.12
 1.12 1.19
 1.34 1.21
 0.26 0.28
 0.71 0.52
 4.42 4.52
 1.00 0.93
 1.56 1.49
 0.77 0.66
 0.12 0.32
 0.49 0.53
 0.24 0.40
 0.68 0.77
 0.39 0.56
 0.93 0.73
 1.33 0.65
 2.58 2.14
 0.91 0.69
 1.44 1.03
 0.77 0.65
 0.80 0.97
 0.90 0.80
 0.79 0.82
 1.02 0.85
 0.51 0.56
 1.10 1.06
 1.48 1.80
 0.36 0.47
 1.29 1.37
 1.87 1.81
 1.05 0.83
 4.29 4.58
 0.96 0.98
 1.68 1.59
 0.73 1.13
 0.53 0.57
 0.64 0.62
 0.52 0.34
 0.26 0.27
 0.47 0.40
 0.37 0.54
 0.09 0.22
 0.45 0.53
 3.25 3.46
 2.19 2.06
 0.72 0.84
 3.98 3.95
 1.63 1.94
 0.48 0.62
 0.22 0.27
 0.76 0.62
 2.46 2.75
 0.59 0.72
 1.15 1.23
 3.15 3.14
 0.08 0.28
 0.39 0.51
 4.46 4.32
 2.17 2.31
 0.77 0.57
 1.03 1.00
 0.12 0.34
 3.28 3.11
 1.09 0.82
 1.08 1.07
 1.29 1.43
 6.78 6.30
 5.00 5.28
 0.10 0.32
 0.60 0.47
 1.16 0.62
 0.67 0.76
 1.45 1.47
 0.40 0.43
 0.65 0.36
 0.80 0.70
 3.83 4.17
 0.80 1.03
 2.88 2.12
 0.38 0.38
 2.60 1.94
 0.21 0.25
 2.97 2.75
 0.83 1.01
 3.26 3.72
 0.62 0.49
 1.81 1.82
 0.77 0.87
 3.50 3.53
 0.37 0.44
 0.69 1.03
 2.22 2.43
 0.95 1.21
 1.25 1.56
 0.56 0.81
 0.91 1.20
 1.13 1.20
 1.09 1.23
 1.15 1.20
 0.37 0.52
 0.96 1.35
 0.69 0.54
 0.43 0.47
 2.22 2.22
 1.28 1.09
 1.06 1.40
 1.68 1.73
 1.97 0.99
 3.15 2.96
 0.52 0.50
 1.26 1.30
 1.24 1.34
 1.16 1.06
 0.88 1.13
 2.56 2.62
 1.59 1.65
 1.79 2.05
 0.42 0.49
 0.92 1.21
 0.79 0.71
 0.50 0.45
 3.84 2.95
 1.45 1.72
 1.41 1.14
 0.21 0.47
 2.12 2.28
 1.51 1.41
 0.72 0.94
 0.21 0.30
 2.20 2.41
 0.81 1.06
 1.70 1.28
 1.18 1.21
 2.47 2.30
 3.01 2.92
 0.91 0.92
 0.93 1.07
 2.76 2.43
 0.17 0.22
 0.89 0.72
 1.36 1.42
 1.43 1.06
 0.56 0.44
 3.03 3.07
 1.61 1.75
 0.55 0.63
 2.28 2.28
 0.41 0.45
 0.39 0.50
 0.23 0.22
 0.69 0.73
 2.56 2.82
 4.84 4.49
 3.17 2.90
 0.57 0.43
 2.30 2.27
 2.18 2.20
 0.33 0.23
 0.60 0.74
 3.12 2.68
 0.16 0.36
 0.80 0.79
 0.69 0.66
 0.24 0.38
 1.42 1.81
 1.46 1.45
 0.26 0.26
 1.10 1.05
 1.29 1.26
 0.30 0.44
 1.41 1.36
 2.18 1.50
 2.76 2.66
 0.72 0.75
 5.48 5.36
 1.47 1.10
 0.96 0.78
 1.33 1.27
 3.12 3.97
 1.24 1.17
 0.85 0.71
 1.14 1.18
 2.69 3.01
 0.60 0.58
 0.88 0.77
 0.27 0.33
 3.77 4.30
 0.94 1.19
 1.24 0.96
 2.11 1.58
 1.18 1.00
 3.31 3.49
 0.50 0.73
 1.16 1.24
 2.10 1.55
 1.41 1.70
 0.79 0.53
 0.18 0.35
 0.56 0.72
 3.18 2.10
 1.11 1.30
 1.60 1.74
 1.03 1.07
 1.51 1.95
 1.69 1.78
 0.47 0.45
 0.31 0.26
 1.62 1.74
 0.08 0.27
 0.67 0.57
 0.46 0.36
 2.65 2.04
 2.26 1.60
 1.24 0.93
 4.42 4.48
 1.48 1.69
 0.49 0.30
 2.98 3.62
 0.63 0.60
 0.50 0.37
 0.77 0.63
 2.19 2.20
 2.07 1.86
 3.31 3.57
 0.23 0.36
 0.67 0.62
 2.38 2.61
 1.57 1.36
 0.29 0.27
 0.93 0.98
 1.98 2.00
 3.35 3.20
 1.04 1.40
 0.47 0.37
 3.34 3.45
 2.51 2.56
 0.48 0.57
 0.52 0.59
 0.47 0.29
 0.91 0.98
 0.16 0.35
 0.19 0.25
 4.85 4.24
 4.99 4.25
 3.94 3.43
 0.75 0.70
 2.67 2.69
 0.37 0.56
 2.46 1.88
 2.84 2.72
 2.81 2.63
 3.31 3.36
 0.42 0.54
 1.34 1.31
 2.30 2.23
 4.03 3.86
 0.77 0.73
 0.73 0.81
 3.12 2.67
 0.69 0.49
 1.56 1.76
 1.50 1.16
 1.24 1.37
 2.29 2.10
 0.06 0.24
 1.24 1.39
 1.98 1.98
 0.36 0.40
 0.94 1.08
 0.39 0.28
 2.15 2.40
 0.72 0.99
 1.60 1.79
 0.52 0.43
 2.37 2.80
 1.05 1.13
 1.61 1.47
 3.61 3.96
 1.56 1.31
 0.68 0.49
 0.83 0.56
 3.57 3.74
 0.30 0.32
 1.20 1.11
 4.20 3.80
 5.24 5.85
 0.34 0.57
 0.46 0.65
 4.07 4.50
 1.00 1.32
 3.17 3.28
 3.82 3.75
 1.17 1.30
 0.68 0.54
 3.86 3.79
 0.46 0.62
 0.42 0.28
 1.28 0.68
 1.26 1.33
 2.51 2.62
 0.01 0.19
 0.60 0.77
 0.19 0.24
 1.33 1.33
 2.34 2.07
 1.49 1.59
 2.20 1.91
 4.98 5.54
 2.15 1.57
 0.94 0.72
 0.89 0.60
 1.69 1.41
 0.40 0.53
 0.45 0.62
 3.32 3.16
 0.58 0.63
 0.84 0.84
 1.17 1.42
 0.58 0.92
 0.54 0.63
 0.92 1.05
 0.70 0.54
 1.81 1.84
 3.80 3.79
 1.71 1.79
 4.46 3.91
 1.27 1.32
 1.28 1.38
 2.48 2.36
 0.71 0.49
 0.13 0.22
 0.23 0.38
 1.16 0.87
 0.82 0.59
 1.27 1.56
 0.96 1.13
 0.88 0.95
 0.92 0.98
 1.23 1.37
 0.37 0.51
 2.26 1.70
 0.49 0.53
 0.88 1.10
 1.59 1.62
 2.75 2.67
 0.96 1.08
 1.27 1.77
 1.09 1.37
 0.53 0.58
 0.37 0.50
 0.88 1.00
 0.90 1.37
 0.49 0.44
 2.20 2.39
 0.65 0.52
 0.50 0.56
 1.32 1.40
 3.02 2.59
 0.94 0.97
 1.30 1.57
 2.02 1.67
 1.93 2.37
 0.91 0.52
 0.45 0.61
 0.28 0.26
 4.81 5.20
 2.27 2.69
 1.10 1.04
 1.33 1.30
 0.95 0.66
 1.76 2.23
 0.58 0.44
 0.92 1.21
 0.79 0.63
 1.78 2.06
 1.10 1.07
 1.60 1.72
 2.70 1.90
 0.27 0.44
 1.57 1.82
 0.55 0.77
 0.43 0.68
 1.23 1.47
 3.81 3.22
 0.27 0.29
 1.44 1.23
 0.21 0.18
 1.68 1.86
 0.48 0.78
 1.57 1.67
 2.12 2.17
 0.62 0.74
 2.45 2.16
 1.10 1.07
 2.95 2.11
 3.63 3.41
 1.54 1.63
 0.27 0.29
 2.36 2.81
 2.10 2.22
 0.95 0.87
 1.13 1.44
 1.65 1.47
 2.68 2.78
 0.92 0.89
 1.46 1.33
 2.06 2.13
 3.33 2.96
 1.54 1.43
 3.09 3.29
 1.86 2.26
 1.83 1.98
 0.62 0.77
 1.99 2.05
 1.74 2.08
 0.33 0.30
 0.62 0.83
 0.42 0.43
 2.80 2.13
 1.77 1.54
 0.25 0.39
 1.68 1.63
 1.65 1.51
 5.12 4.89
 2.60 2.91
 1.46 1.09
 4.46 4.42
 0.77 0.94
 1.05 0.83
 0.18 0.34
 1.94 2.67
 1.09 1.30
 0.37 0.26
 0.87 0.83
 0.75 0.72
 1.86 1.92
 0.35 0.45
 1.02 0.67
 4.94 4.57
 2.22 2.17
 1.06 1.08
 0.70 1.10
 1.00 0.91
 0.42 0.62
 0.20 0.22
 0.07 0.21
 1.11 1.50
 2.35 1.59
 1.36 1.46
 3.01 2.96
 0.92 0.75
 3.86 3.84
 1.26 0.88
 1.10 1.28
 0.86 0.80
 0.43 0.54
 2.26 2.25
 1.72 1.70
 3.52 3.58
 1.96 1.47
 0.94 1.41
 0.68 0.91
 0.44 0.53
 0.48 0.48
 3.03 2.85
 3.59 3.99
 1.08 0.83
 2.33 2.45
 0.79 1.06
 0.02 0.17
 1.89 1.62
 0.58 0.79
 0.18 0.31
 2.13 2.16
 0.94 0.77
 0.29 0.31
 1.01 1.22
 0.81 0.78
 1.86 1.88
 1.01 1.27
 0.67 0.59
 0.70 0.66
 0.70 0.71
 1.29 1.29
 2.05 2.16
 2.66 2.60
 0.04 0.21
 2.07 2.21
 1.46 1.56
 0.91 0.82
 0.73 0.52
 1.62 1.13
 2.33 2.46
 0.75 0.59
 0.94 1.07
 0.32 0.48
 0.73 0.81
 0.48 0.42
 5.49 5.32
 0.49 0.56
 1.86 2.21
 0.77 1.18
 0.20 0.44
 2.73 2.42
 1.64 2.07
 2.62 3.40
 3.73 3.46
 0.92 1.10
 0.27 0.23
 2.76 2.75
 0.98 0.56
 1.53 1.56
 0.90 1.02
 2.85 2.96
 0.23 0.36
 1.43 0.80
 0.99 1.16
 2.20 2.27
 1.41 1.76
 1.07 1.11
 0.32 0.40
 0.50 0.80
 0.56 0.63
 0.50 0.53
 2.54 2.45
 1.48 1.21
 0.55 0.69
 0.90 0.96
 0.82 0.93
 0.27 0.29
 0.62 0.70
 1.20 1.37
 0.72 1.04
 1.17 1.47
 0.88 1.14
 3.89 3.65
 2.51 2.52
 0.11 0.33
 0.07 0.25
 0.68 0.63
 2.47 2.48
 0.28 0.55
 1.17 0.62
 1.98 2.01
 1.95 2.17
 3.05 2.09
 3.86 4.19
 0.55 0.44
 5.42 4.78
 1.38 1.06
 2.41 2.55
 0.75 0.50
 0.24 0.31
 0.29 0.53
 3.02 3.48
 2.40 2.79
 2.64 2.91
 3.06 3.38
 0.78 0.66
 0.70 0.49
 2.64 3.14
 1.74 1.82
 1.93 2.03
 1.09 1.56
 1.76 2.43
 1.43 1.59
 2.18 2.34
 2.81 2.29
 0.57 0.42
 0.10 0.27
 0.87 0.99
 0.51 0.61
 0.89 0.97
 1.27 1.53
 4.65 5.33
 1.65 1.76
 1.29 1.21
 2.70 2.73
 1.71 1.84
 1.22 1.08
 2.02 1.09
 3.44 3.81
 0.77 0.56
 4.82 4.77
 0.76 0.69
 2.28 2.07
 1.04 0.71
 0.53 0.69
 3.57 3.70
 2.24 2.02
 0.15 0.26
 0.33 0.30
 0.85 0.87
 1.91 2.15
 0.87 0.68
 0.75 0.76
 0.46 0.58
 0.28 0.35
 1.08 0.78
 2.08 2.14
 2.60 2.73
 0.41 0.48
 1.99 1.77
 0.28 0.23
 0.48 0.56
 1.16 0.83
 1.20 1.48
 2.75 2.42
 0.81 1.00
 0.36 0.37
 1.22 1.16
 0.64 0.32
 0.70 0.90
 2.87 3.10
 1.59 1.39
 1.57 1.41
 3.69 3.26
 1.57 1.69
 2.32 2.83
 0.32 0.44
 0.24 0.35
 1.38 1.80
 1.53 1.65
 2.40 2.65
 0.81 1.02
 1.28 1.38
 0.95 0.79
 3.17 3.65
 0.30 0.27
 1.18 1.24
 0.12 0.32
 0.45 0.49
 1.52 1.48
 3.35 3.42
 2.72 2.58
 0.97 0.87
 2.61 2.57
 0.95 1.09
 0.24 0.36
 1.81 2.09
 1.35 1.34
 0.21 0.43
 1.60 1.11
 0.78 0.61
 1.61 1.33
 0.92 0.67
 1.07 0.84
 2.74 2.55
 2.83 2.04
 1.36 1.42
 1.53 2.06
 0.19 0.30
 0.47 0.51
 0.12 0.27
 1.11 0.87
 0.64 0.50
 2.36 1.64
 2.76 2.80
 0.97 1.30
 0.43 0.64
 1.12 1.32
 0.63 0.51
 5.29 4.85
 0.37 0.46
 0.23 0.47
 2.92 2.95
 4.94 5.01
 0.30 0.38
 0.90 1.11
 0.16 0.41
 0.25 0.42
 2.13 2.39
 0.42 0.58
 0.63 0.60
 0.35 0.40
 1.43 1.42
 1.73 1.60
 1.68 1.60
 1.02 1.29
 0.50 0.59
 0.95 1.19
 0.97 1.04
 1.52 1.65
 0.95 1.06
 1.65 1.58
 2.11 2.48
 1.62 1.47
 1.33 1.69
 1.14 1.12
 0.88 0.72
 1.42 1.51
 1.52 1.74
 1.03 1.21
 2.43 2.54
 0.30 0.35
 0.67 0.37
 2.62 2.44
 1.71 1.60
 3.23 3.31
 1.40 1.86
 2.52 3.09
 0.55 0.70
 0.39 0.34
 1.84 1.10
 1.30 1.34
 0.84 0.77
 0.37 0.54
 3.54 2.30
 1.18 1.09
 0.66 0.83
 0.33 0.47
 3.78 3.46
 1.19 1.53
 2.44 2.62
 0.75 0.47
 0.69 0.72
 0.77 0.66
 0.53 0.41
 3.87 3.65
 2.14 2.23
 3.61 2.08
 1.63 2.08
 0.26 0.30
 0.60 0.56
 0.65 0.61
 0.90 1.09
 0.42 0.72
 1.08 0.93
 1.15 0.89
 0.50 0.45
 2.25 2.60
 0.69 0.57
 0.55 0.42
 1.25 1.28
 0.67 0.47
 1.00 1.20
 4.87 4.96
 1.15 1.18
 2.98 2.78
 1.29 1.44
 1.40 1.40
 1.11 1.17
 1.16 1.33
 1.06 1.20
 1.96 2.26
 1.12 1.21
 0.24 0.33
 6.32 6.05
 0.08 0.19
 0.44 0.64
 1.64 1.91
 4.51 5.07
 0.92 1.06
 0.24 0.54
 1.02 1.24
 1.37 1.57
 0.49 0.61
 1.13 1.46
 1.42 1.80
 0.73 0.91
 0.46 0.55
 1.15 1.15
 0.17 0.22
 1.86 1.86
 0.76 0.87
 0.16 0.26
 1.90 1.87
 0.91 0.99
 0.85 0.98
 0.18 0.34
 1.10 0.89
 2.80 2.79
 5.92 5.68
 0.55 0.71
 0.83 0.95
 0.66 0.71
 1.04 1.26
 2.59 2.56
 2.27 2.03
 0.97 1.32
 1.45 0.78
 1.21 0.96
 3.50 3.17
 1.14 1.12
 0.67 0.70
 0.37 0.52
 1.50 1.62
 1.96 1.68
 2.43 1.96
 1.89 2.25
 2.05 1.28
 0.80 0.58
 2.24 1.85
 1.64 1.55
 1.68 1.65
 1.52 1.68
 1.80 1.50
 1.40 1.46
 3.30 2.57
 1.58 1.73
 0.53 0.51
 0.71 0.83
 1.25 1.01
 1.02 1.11
 0.97 1.06
 1.36 1.09
 0.99 1.03
 0.57 0.56
 0.40 0.34
 3.78 3.59
 0.87 0.50
 6.83 6.03
 1.01 1.11
 1.94 2.15
 0.89 0.97
 0.88 0.82
 3.50 3.27
 0.35 0.38
 0.82 0.72
 2.61 2.69
 0.47 0.46
 1.39 1.65
 4.07 2.95
 3.61 4.42
 0.23 0.38
 0.52 0.55
 0.82 0.88
 0.53 0.65
 0.78 0.73
 3.05 3.43
 1.86 2.13
 1.95 2.31
 0.40 0.50
 2.32 2.68
 0.86 0.77
 0.53 0.61
 0.92 0.72
 1.02 1.31
 0.68 0.74
 0.99 0.77
 1.45 1.55
 0.79 1.08
 2.48 2.37
 0.58 0.58
 2.43 2.28
 0.29 0.43
 0.14 0.21
 0.72 0.64
 1.30 1.71
 0.49 0.58
 0.94 1.05
 0.42 0.61
 2.05 2.12
 0.64 0.88
 0.72 0.65
 0.18 0.28
 0.72 0.54
 0.44 0.66
 0.24 0.20
 1.50 1.39
 0.88 0.77
 1.28 1.74
 0.38 0.40
 0.48 0.38
 0.75 0.58
 0.41 0.27
 0.97 0.90
 1.25 1.16
 1.32 0.65
 1.45 1.33
 1.54 1.46
 0.47 0.63
 3.41 4.08
 1.05 0.90
 3.19 3.08
 2.66 2.45
 1.58 1.43
 3.37 3.12
 0.84 0.76
 3.80 4.36
 0.98 0.98
 0.71 1.05
 0.78 0.75
 2.14 2.39
 0.55 0.87
 0.80 0.70
 0.92 1.16
 3.01 2.78
 3.02 2.81
 3.28 3.64
 2.12 1.45
 5.39 5.10
 0.77 0.59
 0.55 0.41
 0.93 0.64
 0.51 0.43
 2.37 2.25
 0.61 0.63
 0.46 0.49
 2.75 2.79
 2.46 1.79
 0.79 1.12
 1.20 0.97
 0.45 0.56
 0.71 1.00
 2.37 2.68
 0.35 0.39
 0.59 0.65
 0.25 0.26
 0.39 0.35
 0.12 0.33
 0.71 1.05
 1.69 1.65
 4.08 4.02
 0.49 0.58
 0.76 0.88
 2.69 2.99
 3.52 2.93
 2.40 1.76
 3.15 3.04
 0.69 0.73
 3.82 3.38
 3.53 3.37
 0.80 0.68
 2.69 2.16
 2.00 2.14
 6.07 5.75
 4.11 3.61
 1.61 1.81
 1.00 1.02
 0.93 0.85
 1.48 1.35
 0.47 0.52
 0.82 0.86
 0.19 0.20
 2.51 2.47
 2.52 1.95
 2.81 2.09
 1.72 1.71
 1.23 1.28
 1.12 1.52
 2.89 3.13
 0.29 0.40
 0.08 0.19
 0.64 0.66
 0.91 1.11
 0.33 0.39
 2.34 2.51
 1.76 2.03
 0.58 0.54
 0.24 0.34
 0.83 0.85
 0.68 0.57
