 0.36 1.99
 1.57 1.33
 0.44 1.67
 1.13 0.69
 0.51 0.59
 0.58 1.84
 1.18 1.71
 0.62 0.57
 5.76 3.62
 2.48 2.51
 2.10 2.22
 0.70 0.27
 0.80 0.99
 0.83 0.49
 0.20 0.46
 0.69 0.65
 0.86 0.64
 2.79 1.64
 0.59 0.65
 2.53 1.62
 3.80 2.46
 2.31 1.30
 0.30 0.42
 1.70 1.91
 0.89 0.84
 1.56 1.30
 0.49 0.69
 0.62 0.65
 0.82 0.62
 2.68 2.20
 1.80 1.12
 2.82 2.31
 0.19 0.05
 0.39 1.06
 1.56 1.52
 3.67 2.75
 0.74 0.86
 1.98 2.16
 1.24 1.12
 2.33 2.44
 1.82 1.45
 3.17 3.46
 6.36 3.27
 1.89 1.70
 1.96 1.22
 4.20 3.23
 0.13 0.22
 0.33 0.76
 2.50 1.81
 0.76 1.10
 0.39 0.66
 0.87 1.42
 0.73 0.59
 1.62 1.13
 2.16 1.75
 2.01 2.00
 1.48 0.87
 1.37 2.80
 0.14 0.17
 1.62 1.33
 0.20 0.46
 0.55 0.77
 0.68 1.34
 3.22 2.00
 0.42 1.64
 0.60 1.67
 1.65 1.63
 1.04 1.50
 1.27 2.35
 1.31 1.41
 0.42 0.69
 0.76 0.87
 1.11 1.05
 1.38 1.76
 0.15 0.72
 1.20 1.67
 3.39 2.52
 0.64 1.15
 2.27 1.32
 0.43 0.57
 0.39 0.71
 0.43 0.84
 0.54 0.64
 0.48 0.90
 1.13 0.81
 0.20 1.45
 2.34 3.65
 0.59 1.30
 0.90 1.16
 0.79 1.03
 3.32 2.10
 0.95 0.52
 0.46 1.65
 0.71 0.47
 2.28 1.60
 3.14 2.03
 0.31 0.27
 0.94 3.29
 6.52 3.45
 0.48 1.24
 0.90 0.90
 0.69 0.61
 0.21 1.10
 2.51 1.11
 0.11 1.96
 3.74 2.90
 1.39 1.22
 0.54 1.02
 0.77 0.71
 1.70 1.45
 0.53 0.54
 3.06 2.52
 1.50 0.96
 2.70 3.54
 1.13 0.82
 0.72 1.17
 0.63 1.32
 1.68 2.90
 1.47 1.29
 2.74 2.47
 0.28 -0.25
 0.17 0.64
 0.44 0.35
 0.42 2.95
 1.09 2.20
 1.01 0.72
 0.11 1.07
 1.54 1.88
 1.63 1.21
 1.13 0.88
 1.69 0.75
 0.96 0.93
 0.20 0.06
 2.02 1.56
 2.67 2.22
 0.20 1.12
 0.08 1.92
 2.50 1.97
 0.05 0.56
 0.73 1.67
 0.83 1.00
 0.77 1.40
 2.29 1.91
 1.35 1.44
 3.48 2.01
 0.77 0.74
 0.43 0.30
 0.51 0.23
 0.80 0.47
 0.64 2.34
 0.37 0.11
 0.74 1.17
 0.41 1.00
 1.43 3.22
 1.42 0.86
 3.62 3.84
 1.03 1.42
 0.91 0.80
 0.46 0.53
 3.34 2.10
 2.52 2.35
 0.94 1.62
 0.45 0.50
 0.58 0.93
 0.90 1.48
 0.53 0.55
 0.47 0.24
 0.95 0.85
 0.76 1.09
 0.37 0.88
 1.45 0.92
 2.39 2.51
 2.71 2.51
 1.66 1.16
 2.77 2.30
 0.16 0.44
 4.38 2.54
 1.53 1.39
 1.83 2.40
 2.48 2.28
 5.57 4.40
 2.45 2.05
 0.45 1.79
 1.80 1.80
 1.65 1.25
 0.54 1.14
 0.97 1.38
 0.93 0.88
 0.08 1.97
 0.60 1.24
 2.94 3.73
 0.79 0.83
 0.11 0.53
 1.21 1.66
 0.65 1.07
 0.82 0.71
 0.63 2.24
 1.45 1.21
 0.96 1.06
 2.79 2.04
 0.44 1.32
 1.17 0.75
 1.40 1.96
 1.42 1.33
 1.61 1.01
 0.26 0.55
 0.43 0.82
 0.90 1.15
 1.82 1.60
 0.28 0.36
 0.35 1.46
 0.91 1.28
 4.55 3.51
 0.87 1.01
 0.30 1.16
 0.28 1.39
 0.65 0.47
 1.76 0.99
 1.59 1.34
 0.54 2.84
 3.10 2.34
 0.39 0.58
 0.37 1.31
 0.57 2.57
 0.09 0.09
 0.25 1.40
 1.28 0.96
 0.86 0.73
 1.49 -0.25
 0.45 0.45
 3.07 3.02
 0.40 0.53
 0.48 0.82
 0.87 1.23
 0.26 1.55
 0.25 1.67
 0.76 0.90
 0.85 1.32
 0.80 1.58
 1.87 1.41
 0.38 0.29
 0.25 0.62
 1.18 0.76
 3.82 2.74
 0.69 1.24
 1.70 1.75
 2.43 1.18
 3.81 2.58
 0.56 0.62
 2.11 1.48
 1.65 1.48
 0.45 0.75
 0.32 0.46
 1.31 1.28
 5.92 3.91
 0.46 0.60
 0.53 -0.12
 0.83 0.33
 0.83 0.60
 0.32 0.62
 0.25 0.46
 0.45 1.43
 0.95 1.30
 1.14 1.47
 0.74 0.71
 0.40 0.71
 1.56 0.80
 0.29 0.38
 0.94 1.61
 0.30 0.78
 0.11 0.63
 0.29 0.47
 0.37 0.93
 2.34 1.95
 2.58 1.92
 0.30 0.60
 1.81 1.13
 3.78 2.64
 0.73 0.63
 1.24 1.53
 0.81 0.84
 1.31 1.21
 0.65 1.45
 3.73 4.11
 3.91 3.00
 0.78 1.30
 1.16 1.46
 0.46 1.34
 0.26 2.16
 4.81 2.96
 3.34 3.14
 0.32 0.56
 0.25 0.79
 0.19 1.80
 0.61 0.48
 1.33 0.95
 0.77 1.97
 0.54 0.59
 0.70 1.51
 0.09 0.60
 1.46 1.48
 1.64 1.18
 0.74 0.94
 0.17 0.62
 0.62 0.75
 2.42 2.65
 1.76 1.94
 3.11 2.31
 1.52 0.84
 0.10 0.10
 0.68 1.39
 1.61 0.99
 0.71 0.56
 2.42 3.06
 0.11 0.29
 0.25 0.34
 3.31 3.10
 1.14 0.62
 2.61 2.39
 2.24 1.65
 0.31 0.90
 1.10 1.59
 1.06 0.41
 3.04 3.76
 0.34 0.35
 1.20 2.06
 0.23 0.55
 0.80 1.72
 0.51 1.39
 0.36 0.76
 6.04 5.03
 2.05 1.56
 0.30 0.86
 0.64 1.91
 1.11 0.71
 0.82 0.68
 1.71 1.48
 0.92 0.47
 1.88 1.69
 0.83 1.09
 0.66 1.01
 1.86 2.65
 1.36 1.25
 1.52 1.18
 1.01 1.69
 3.44 4.05
 0.47 1.00
 2.09 1.59
 1.30 1.81
 0.88 0.59
 0.78 0.89
 2.89 2.09
 1.00 1.24
 4.78 3.12
 3.38 1.90
 0.98 1.76
 3.05 2.45
 0.83 -0.58
 0.46 0.60
 0.12 0.39
 0.92 1.94
 0.93 2.09
 0.95 0.72
 0.75 1.74
 0.48 0.73
 0.49 0.71
 2.06 0.88
 2.95 1.64
 1.06 2.14
 1.00 2.20
 1.11 0.75
 1.78 1.01
 0.96 1.53
 0.32 0.85
 0.31 1.30
 0.54 1.10
 0.72 1.37
 0.67 1.49
 0.87 1.73
 0.51 0.78
 0.54 1.13
 2.00 1.05
 1.01 0.38
 0.63 1.32
 2.75 1.89
 0.57 0.84
 1.80 1.91
 1.13 0.93
 0.52 0.45
 0.51 0.86
 0.49 0.73
 0.68 1.26
 0.79 0.67
 1.57 1.61
 0.45 0.42
 0.40 1.89
 0.73 0.71
 1.15 1.31
 1.85 1.17
 0.59 0.59
 2.65 3.27
 0.54 0.69
 0.68 1.01
 2.28 1.65
 2.37 1.34
 1.68 1.89
 0.30 2.13
 2.81 2.21
 1.00 0.38
 0.73 3.58
 0.53 0.96
 5.03 3.70
 0.64 1.08
 0.49 0.34
 0.36 0.50
 0.43 0.74
 1.35 0.77
 0.50 1.36
 2.44 1.71
 0.87 0.62
 2.17 1.81
 1.76 1.19
 0.68 1.52
 0.72 0.65
 5.52 3.33
 0.71 0.90
 0.88 0.54
 0.46 1.36
 1.50 2.40
 0.31 1.67
 1.59 1.43
 0.31 0.64
 0.29 1.82
 0.47 0.78
 4.12 2.85
 0.20 0.41
 0.76 0.42
 0.84 0.52
 0.87 0.38
 1.52 1.55
 0.18 0.35
 1.29 0.95
 0.75 0.85
 0.82 0.61
 1.53 0.85
 0.15 1.23
 2.04 1.88
 0.96 0.95
 0.69 0.74
 2.80 3.07
 0.13 0.22
 2.68 2.43
 1.14 0.91
 1.27 1.39
 2.19 1.84
 0.58 0.81
 1.57 1.15
 0.22 1.07
 0.45 0.55
 0.87 1.02
 1.43 1.26
 1.12 1.50
 0.10 0.73
 0.77 0.71
 0.81 0.83
 2.87 2.92
 0.93 1.07
 3.10 2.17
 1.10 0.87
 3.79 2.53
 1.43 1.02
 1.48 0.80
 1.03 0.68
 1.86 1.59
 0.58 1.41
 2.68 2.80
 2.69 1.70
 1.94 1.77
 1.08 1.10
 0.16 0.74
 0.68 1.53
 1.50 0.91
 2.78 1.54
 0.82 2.61
 1.63 0.99
 4.57 4.01
 2.02 1.18
 0.54 0.84
 0.87 1.28
 2.10 2.44
 0.32 1.06
 0.44 0.54
 0.80 0.56
 2.30 1.72
 0.15 0.60
 2.17 2.20
 3.00 2.89
 0.36 0.58
 2.18 3.40
 0.33 0.83
 5.74 4.65
 1.08 0.79
 1.32 0.92
 2.19 2.52
 1.75 1.43
 0.64 0.15
 2.53 1.06
 0.50 0.50
 0.66 1.10
 0.61 1.38
 2.01 1.74
 2.92 2.34
 2.41 1.92
 0.89 0.57
 0.51 1.55
 2.82 2.42
 1.50 1.19
 0.72 1.33
 0.37 0.36
 0.36 0.53
 2.39 3.61
 0.49 1.70
 2.62 1.63
 0.87 0.96
 1.40 0.76
 1.38 0.82
 0.46 0.95
 1.24 0.55
 1.14 0.96
 1.60 0.86
 0.18 0.22
 1.11 0.87
 1.56 1.04
 0.58 1.27
 5.53 3.18
 3.74 2.89
 0.94 0.65
 0.92 2.56
 0.77 1.22
 0.16 0.75
 1.58 1.35
 0.15 0.68
 0.71 1.37
 1.14 0.81
 1.46 0.24
 2.05 2.47
 1.54 0.75
 2.44 1.03
 1.98 1.79
 1.18 1.44
 1.78 2.38
 2.51 1.77
 1.01 1.35
 1.09 1.45
 0.22 0.54
 1.63 0.97
 1.18 1.04
 1.82 1.59
 0.73 0.46
 2.84 3.13
 0.46 1.00
 1.15 0.78
 1.26 1.19
 0.42 0.23
 2.96 1.17
 0.92 1.20
 0.42 0.42
 0.46 0.63
 0.19 -0.40
 1.67 1.41
 2.21 1.61
 2.72 1.53
 1.68 1.45
 0.91 0.82
 2.87 1.80
 0.75 0.60
 0.16 0.29
 0.80 1.36
 3.15 2.41
 1.28 2.79
 0.23 0.60
 0.93 0.93
 5.76 3.41
 0.15 0.26
 6.51 3.03
 1.14 1.57
 2.31 1.23
 5.46 3.76
 0.74 1.41
 0.75 0.82
 0.80 1.56
 0.50 0.73
 2.70 2.36
 0.61 1.39
 0.19 0.61
 0.21 2.05
 1.69 1.48
 1.06 1.08
 0.29 1.07
 1.17 1.70
 0.22 0.59
 0.63 0.90
 0.15 0.40
 1.51 0.94
 0.41 0.88
 1.11 1.28
 0.18 1.06
 0.85 1.01
 3.49 2.85
 0.75 1.04
 0.84 1.27
 2.09 1.81
 2.12 2.19
 0.23 1.30
 1.22 2.60
 0.28 0.51
 1.81 1.23
 0.74 1.57
 0.38 1.14
 0.86 2.35
 1.69 1.17
 0.31 1.51
 0.30 0.76
 4.34 3.29
 0.82 0.78
 0.22 0.31
 3.72 3.16
 1.73 0.87
 2.81 3.36
 1.46 0.82
 3.89 3.03
 1.19 0.62
 0.71 1.14
 1.07 3.33
 3.81 2.56
 0.94 0.66
 3.83 2.41
 4.23 2.84
 3.26 2.35
 1.08 1.14
 2.10 1.52
 1.27 0.82
 1.31 2.06
 0.73 1.12
 0.83 0.62
 0.85 0.96
 1.19 1.53
 1.49 1.62
 1.94 1.15
 3.10 3.01
 0.40 0.50
 2.84 2.69
 2.24 2.58
 0.37 0.90
 0.94 1.45
 1.96 2.80
 0.62 1.11
 1.65 1.65
 0.09 0.32
 2.10 2.15
 0.47 0.83
 0.73 0.04
 1.52 0.92
 2.00 1.46
 0.75 1.59
 0.33 0.55
 1.49 0.72
 1.59 1.02
 3.51 2.77
 0.35 0.87
 2.81 1.69
 1.41 1.55
 2.51 2.38
 1.64 1.61
 1.75 0.73
 0.20 0.62
 3.45 1.98
 0.49 1.01
 0.87 0.61
 0.98 1.06
 0.80 1.51
 0.68 1.03
 0.16 0.96
 0.66 1.04
 0.32 0.28
 2.35 1.70
 0.81 0.66
 2.68 1.05
 0.29 0.61
 0.63 1.52
 0.98 0.62
 0.47 0.83
 1.46 0.93
 1.48 3.55
 2.00 1.33
 2.85 2.72
 0.38 0.47
 1.08 1.21
 0.97 1.43
 1.86 1.23
 4.08 4.04
 2.96 2.89
 0.67 1.10
 0.12 0.41
 1.86 1.15
 0.66 0.75
 0.51 1.32
 0.47 0.63
 2.09 2.01
 2.91 2.10
 1.69 1.28
 1.62 0.91
 1.10 1.04
 3.13 1.65
 1.48 1.53
 3.42 1.65
 0.45 1.94
 0.26 1.13
 0.91 1.01
 1.58 1.25
 1.14 2.57
 0.35 1.24
 6.68 3.83
 1.66 1.28
 2.74 1.83
 0.12 1.08
 2.57 2.08
 3.34 1.86
 2.18 1.99
 0.95 1.17
 0.89 0.70
 0.99 0.94
 1.34 1.26
 0.83 0.89
 0.95 1.77
 0.61 0.64
 1.94 1.48
 2.08 1.86
 2.84 2.15
 1.70 1.01
 0.38 0.59
 0.60 0.64
 2.20 1.65
 1.91 2.23
 2.16 1.19
 0.95 0.52
 3.16 1.65
 1.99 1.27
 0.24 1.82
 0.22 0.61
 2.14 1.22
 1.56 3.59
 1.02 0.37
 1.04 0.84
 2.18 1.48
 1.49 1.39
 1.85 1.19
 2.05 1.36
 0.28 2.08
 4.15 3.16
 0.24 0.38
 1.12 0.64
 1.93 1.19
 0.51 1.87
 2.29 1.29
 0.53 0.84
 1.29 2.11
 1.96 3.12
 1.24 0.96
 2.75 2.12
 1.42 1.17
 0.87 0.93
 1.37 1.28
 0.45 0.55
 2.78 1.79
 1.34 1.57
 0.71 1.24
 1.38 1.03
 0.49 0.46
 1.24 0.97
 0.62 0.97
 1.87 1.43
 0.49 0.81
 1.86 1.75
 1.38 1.36
 3.21 1.72
 1.71 1.32
 0.33 1.02
 1.75 1.49
 0.86 0.76
 1.73 1.36
 3.89 2.69
 0.91 0.76
 1.72 1.08
 0.41 2.73
 0.62 0.53
 1.61 1.63
 0.29 0.86
 3.48 3.69
 1.28 0.80
 0.47 0.33
 0.57 0.31
 1.20 0.82
 1.10 1.39
 1.36 1.14
 1.69 1.40
 0.63 0.82
 2.47 2.07
 0.56 1.28
 0.30 0.66
 2.28 1.78
 2.45 1.90
 0.84 1.33
 1.71 0.91
 2.33 1.08
 2.24 1.16
 2.10 1.49
 2.17 1.63
 2.14 1.43
 0.06 0.02
 2.13 1.57
 0.71 0.97
 0.54 0.73
 1.40 1.29
 0.29 0.73
 0.49 0.79
 0.57 0.55
 0.98 1.59
 2.70 1.95
 0.75 1.87
 2.29 1.10
 1.18 0.76
 3.03 3.15
 2.41 1.31
 1.07 1.61
 0.88 0.58
 0.59 0.78
 3.79 2.75
 0.14 0.21
 2.16 1.14
 0.54 0.79
 1.09 1.41
 0.47 0.77
 0.54 1.07
 2.00 1.29
 0.16 1.00
 2.62 3.48
 1.58 1.39
 0.43 0.91
 1.50 0.90
 0.46 1.61
 2.76 1.69
 1.88 2.06
 2.26 1.32
 2.45 1.88
 1.87 2.13
 1.28 0.99
 0.87 0.79
 1.05 1.26
 1.70 1.51
 0.80 0.97
 0.30 0.45
 2.84 2.09
 3.01 1.96
 0.18 1.09
 0.29 0.93
 0.31 0.62
 1.54 1.94
 0.56 0.99
 1.57 1.00
 1.45 1.11
 2.50 2.87
 0.66 0.93
 0.90 0.59
 1.23 0.68
 1.51 1.43
 4.27 3.70
 1.24 0.56
 1.49 1.40
 2.34 2.74
 1.17 1.50
 1.77 2.41
 0.22 0.52
 0.56 0.92
 0.20 0.96
 1.13 1.32
 1.93 1.65
 0.80 0.58
 2.04 1.87
 1.56 2.80
 1.51 1.22
 1.95 1.81
 2.41 1.61
 1.13 2.05
 1.92 1.96
 0.66 1.43
 3.63 3.53
 1.83 1.99
 0.52 0.37
 1.67 0.65
 2.23 1.61
 0.67 2.17
 0.21 -0.06
 0.68 1.29
 2.67 1.89
 1.45 0.82
 0.11 0.43
 0.78 0.91
 0.97 0.85
 1.93 1.87
 1.78 1.67
 0.23 0.32
 4.73 3.08
 0.69 1.18
 1.49 0.96
 2.41 2.52
 3.15 2.11
 2.96 2.13
 0.57 0.91
 0.45 0.13
 1.43 1.71
 4.02 3.11
 3.17 2.40
 2.92 2.06
 0.62 1.26
 3.51 2.82
 1.22 1.47
 2.92 2.74
 0.62 0.74
 0.92 1.47
 1.20 0.61
 0.74 0.94
 1.42 0.98
 1.32 0.84
 3.01 2.36
 1.71 1.30
 0.33 0.45
 1.16 0.84
 0.45 0.61
 3.00 2.26
 0.14 0.37
 1.27 2.58
 0.51 0.80
 2.44 1.78
 0.27 0.13
 0.92 0.25
 0.09 0.93
 1.77 2.40
 0.29 0.38
 1.56 2.77
 0.99 1.12
 1.49 0.89
 0.97 1.05
 1.54 1.22
 0.77 0.67
 0.42 0.82
 1.48 0.83
 0.26 0.83
 1.49 0.80
 1.89 1.50
 2.32 3.45
 1.76 1.02
 3.02 2.28
 0.50 0.94
 0.15 0.38
 3.41 2.58
 1.71 2.18
 2.00 2.52
 1.07 2.72
 5.07 3.44
 3.02 2.03
 0.86 0.62
 1.18 0.64
 1.11 0.83
 2.45 1.77
 1.42 0.72
 1.25 2.78
 0.82 0.69
 2.57 2.52
 1.25 1.33
 1.08 2.11
 2.72 2.10
 0.69 0.66
 2.59 2.56
 0.97 0.77
 0.52 0.81
 0.20 0.29
 0.80 0.61
 0.38 0.13
 4.94 4.70
 2.10 1.19
 1.61 2.28
 1.27 2.56
 2.61 2.77
 0.95 1.15
 0.39 0.59
 1.13 1.53
 1.72 1.50
 0.40 0.83
 0.91 0.97
 2.31 2.07
 0.52 0.37
 1.26 1.03
 1.21 0.53
 1.71 1.84
 0.44 0.45
 1.14 0.70
 0.33 1.03
 1.95 1.01
 0.44 0.96
 1.19 1.51
 1.39 1.45
 0.55 0.33
 4.87 3.15
 2.82 2.83
 2.20 2.90
 5.02 3.66
 0.72 2.19
 0.78 1.02
 2.30 2.03
 0.92 0.79
 2.24 1.22
 2.65 1.17
 1.32 0.82
 2.87 2.35
 0.32 0.02
 0.08 0.12
 2.24 1.80
 3.49 2.43
 3.04 2.46
 2.37 1.50
 1.24 1.24
 0.26 0.82
 0.45 0.50
 0.54 0.46
 1.24 1.35
 0.11 0.79
 1.11 0.53
 0.57 1.49
 1.79 3.08
 2.23 1.31
 0.95 1.51
 0.80 0.93
 0.42 0.12
 0.15 0.25
 0.47 0.60
 1.36 0.79
 1.58 1.82
 1.94 1.52
 0.51 0.78
 0.32 0.72
 0.92 1.13
 1.78 2.21
 0.35 0.38
 2.45 2.13
 2.64 3.80
 1.21 1.39
 2.56 2.09
 0.77 0.95
 1.28 1.49
 0.64 -1.49
 6.78 3.59
 2.42 1.87
 0.70 0.54
 0.46 0.74
 1.29 1.44
 1.39 0.91
 0.36 0.60
 0.47 3.13
 1.48 1.69
 0.31 0.68
 2.58 2.14
 0.66 1.26
 1.27 0.74
 2.18 1.61
 1.84 0.98
 1.16 0.75
 3.90 3.29
 0.47 1.73
 0.24 0.43
 0.24 1.52
 5.51 4.41
 0.35 0.79
 1.17 1.54
 0.94 1.84
 1.62 1.11
 2.20 2.09
 0.46 0.61
 1.11 1.18
 1.24 1.31
 1.03 1.24
 2.18 1.64
 0.81 0.89
 2.05 3.86
 2.42 2.39
 1.53 0.85
 0.95 0.71
 0.95 0.77
 1.62 0.63
 3.82 2.33
 2.63 2.66
 1.02 1.45
 1.79 1.74
 1.84 1.39
 0.86 1.13
 0.49 0.75
 0.23 -1.96
 1.80 0.96
 3.25 2.64
 1.28 0.69
 1.32 0.96
 0.28 1.32
 2.98 2.11
 1.56 1.20
 0.94 2.89
 0.90 2.26
 0.45 0.78
 1.92 2.07
 1.01 0.88
 3.41 1.81
 1.51 1.28
 2.86 2.15
 2.25 1.26
 1.86 1.64
 1.30 1.46
 2.31 1.82
 0.71 2.78
 3.09 2.70
 0.81 0.74
 0.80 0.76
 1.48 1.08
 0.10 0.23
 2.85 3.39
 0.17 0.07
 0.66 0.71
 0.40 1.76
 1.44 1.60
 1.01 0.43
 2.32 3.51
 0.82 1.18
 0.60 0.61
 3.98 2.49
 1.74 1.66
 0.07 0.41
 1.94 1.02
 0.35 0.50
 6.83 3.17
 3.84 3.52
 0.44 1.32
 2.21 1.50
 1.25 2.18
 2.85 2.15
 1.09 0.66
 1.46 1.23
 1.33 1.02
 2.41 2.53
 1.81 1.25
 1.22 1.68
 1.30 1.11
 0.56 0.70
 3.01 2.21
 0.52 1.88
 0.41 0.38
 0.81 1.26
 2.20 1.42
 0.70 1.66
 0.35 0.84
 0.88 1.31
 0.46 0.97
 1.60 1.61
 2.11 0.94
 0.43 0.93
 2.21 1.44
 0.15 0.25
 2.14 1.55
 2.95 2.58
 1.30 0.75
 3.37 2.53
 0.55 1.22
 2.02 1.28
 2.64 1.67
 0.68 0.69
 2.93 2.53
 0.29 0.82
 1.46 1.96
 2.93 2.64
 1.50 1.36
 1.30 1.23
 4.30 3.21
 1.16 0.76
 0.38 0.45
 2.43 1.81
 2.35 2.19
 0.16 0.44
 0.58 0.85
 0.35 0.73
 2.16 1.31
 1.56 1.32
 0.74 1.47
 0.36 0.98
 2.00 1.48
 1.89 1.30
 0.91 1.07
 2.07 1.69
 2.26 3.63
 2.71 3.08
 1.13 1.15
 5.42 4.29
 1.71 1.63
 3.15 2.52
 3.42 3.05
 4.49 2.86
 2.95 1.94
 0.86 1.14
 0.44 0.74
 1.16 1.16
 1.33 1.47
 0.47 0.75
 1.10 0.95
 0.63 1.62
 0.89 2.29
 1.29 0.89
 0.92 1.26
 0.97 1.52
 1.04 1.55
 2.32 1.88
 2.78 2.22
 1.90 2.12
 0.80 0.89
 1.07 0.63
 0.55 0.84
 0.83 1.41
 0.44 0.46
 0.73 1.31
 0.41 0.50
 0.58 0.85
 0.70 1.38
 0.73 1.25
 2.53 2.36
 0.13 0.75
 1.17 0.89
 0.91 0.73
 0.68 -0.09
 0.70 1.18
 1.62 1.34
 0.66 1.29
 1.04 1.02
 2.74 1.34
 0.79 0.33
 0.80 0.93
 2.73 2.08
 2.90 2.61
 2.48 1.44
 1.03 0.76
 1.26 0.85
 0.37 1.36
 0.73 0.41
 0.65 0.60
 1.08 1.33
 4.19 2.79
 3.08 2.10
 0.87 0.88
 4.15 4.14
 0.71 0.67
 0.46 0.48
 3.52 2.59
 3.15 2.46
 2.09 1.65
 0.71 1.20
 0.36 0.73
 3.08 2.32
 0.48 0.27
 1.66 1.72
 0.44 1.90
 3.15 2.32
 1.15 2.50
 1.56 2.02
 1.37 1.60
 0.98 2.94
 1.07 2.06
 0.51 1.69
 3.11 3.10
 0.78 1.19
 0.28 0.98
 1.12 0.88
 0.91 0.76
 1.28 1.67
 1.10 0.93
 0.43 0.32
 2.19 1.96
 2.67 1.80
 1.13 2.16
 0.23 0.80
 0.61 1.32
 2.57 2.05
 0.51 0.69
 4.33 3.15
 0.33 1.07
 1.86 1.78
 0.50 1.36
