 0.87 0.90
 3.18 3.24
 0.65 0.60
 1.09 1.05
 1.28 1.34
 1.00 0.95
 0.38 0.35
 0.72 0.71
 1.01 1.01
 0.29 0.34
 1.58 1.55
 0.56 0.54
 1.07 1.06
 1.92 1.94
 0.73 0.70
 0.43 0.43
 0.86 0.83
 0.79 0.76
 1.00 1.03
 2.40 2.34
 1.52 1.56
 2.31 2.32
 0.30 0.31
 0.09 0.09
 5.58 5.71
 1.04 1.03
 1.57 1.58
 0.70 0.71
 0.33 0.34
 1.97 1.96
 4.98 5.12
 1.17 1.23
 0.76 0.76
 0.36 0.36
 3.01 3.06
 1.29 1.28
 2.02 2.02
 0.78 0.79
 0.45 0.43
 0.38 0.39
 0.36 0.32
 1.88 1.88
 0.71 0.72
 1.89 1.90
 2.04 1.98
 1.62 1.65
 3.79 3.74
 1.46 1.49
 1.01 1.05
 2.27 2.19
 0.67 0.62
 2.21 2.22
 0.53 0.51
 0.87 0.89
 1.00 1.08
 1.44 1.53
 1.48 1.52
 2.99 3.05
 1.82 1.83
 1.09 1.09
 1.75 1.78
 1.49 1.47
 2.36 2.39
 0.70 0.67
 0.42 0.40
 0.53 0.54
 0.29 0.29
 2.79 2.77
 3.92 3.86
 0.25 0.25
 1.94 1.96
 1.91 1.93
 2.16 2.12
 0.46 0.42
 2.05 2.04
 0.39 0.38
 1.28 1.29
 1.42 1.42
 0.75 0.70
 1.15 1.15
 0.99 0.94
 1.96 1.85
 0.60 0.60
 1.02 0.99
 1.27 1.24
 0.73 0.68
 0.82 0.85
 0.59 0.56
 2.15 2.14
 1.09 1.12
 2.08 2.08
 0.70 0.68
 1.07 1.09
 0.71 0.76
 0.25 0.25
 3.38 3.35
 1.85 1.87
 0.63 0.61
 0.21 0.20
 0.94 0.91
 0.63 0.67
 1.71 1.73
 0.44 0.40
 0.57 0.56
 0.47 0.45
 1.48 1.48
 0.76 0.76
 0.43 0.39
 6.68 6.47
 3.81 3.83
 0.82 0.84
 0.42 0.39
 2.54 2.53
 1.03 0.99
 0.51 0.46
 0.77 0.72
 1.15 1.16
 3.34 3.31
 0.02 0.04
 1.19 1.19
 1.34 1.41
 2.69 2.71
 2.93 2.90
 0.01 0.07
 1.09 1.06
 0.20 0.18
 0.94 0.91
 0.70 0.73
 1.71 1.66
 3.96 3.97
 0.69 0.67
 1.77 1.77
 0.39 0.36
 1.89 1.89
 1.08 0.99
 2.52 2.54
 0.82 0.84
 1.25 1.25
 3.41 3.35
 1.61 1.59
 2.33 2.32
 0.90 0.83
 2.29 2.25
 0.90 0.93
 2.75 2.71
 0.39 0.38
 0.92 0.88
 0.52 0.50
 1.57 1.58
 0.13 0.13
 0.10 0.14
 1.36 1.39
 0.97 0.99
 1.01 1.01
 0.69 0.68
 1.10 1.06
 2.60 2.64
 1.06 1.06
 0.66 0.64
 0.92 0.91
 0.94 1.01
 1.02 1.01
 0.82 0.84
 0.43 0.49
 3.61 3.53
 0.51 0.49
 0.75 0.75
 1.22 1.25
 0.75 0.73
 0.56 0.55
 2.59 2.55
 4.99 4.93
 2.15 2.17
 1.20 1.20
 1.92 1.93
 0.54 0.54
 1.25 1.23
 0.17 0.18
 2.85 2.83
 0.13 0.16
 1.08 1.09
 0.80 0.74
 1.15 1.13
 1.16 1.17
 0.73 0.72
 2.22 2.20
 1.52 1.49
 1.20 1.15
 0.59 0.53
 0.19 0.19
 0.56 0.49
 0.46 0.44
 0.31 0.31
 0.46 0.44
 0.43 0.41
 0.08 0.07
 0.22 0.28
 1.56 1.54
 3.56 3.59
 1.73 1.76
 1.24 1.18
 2.71 2.65
 0.38 0.35
 0.49 0.47
 0.98 0.99
 2.95 3.04
 0.68 0.67
 2.48 2.44
 0.29 0.27
 1.35 1.35
 2.16 2.10
 0.58 0.56
 4.29 4.40
 1.85 1.87
 0.83 0.85
 0.28 0.26
 1.78 1.75
 0.25 0.24
 3.70 3.73
 3.16 3.08
 1.28 1.28
 0.51 0.48
 0.18 0.17
 0.19 0.19
 0.64 0.59
 1.00 1.02
 5.22 5.23
 1.55 1.58
 0.83 0.86
 0.97 0.96
 4.12 4.20
 0.26 0.33
 0.60 0.57
 0.29 0.25
 2.84 2.84
 0.98 0.90
 2.16 2.15
 2.02 1.99
 0.23 0.20
 1.08 1.07
 0.03 0.08
 0.61 0.62
 0.19 0.19
 0.93 0.99
 0.51 0.48
 1.02 0.99
 1.43 1.42
 3.27 3.30
 0.49 0.48
 0.35 0.33
 0.90 0.90
 2.76 2.75
 1.72 1.73
 0.37 0.36
 0.75 0.69
 0.68 0.70
 0.44 0.43
 0.33 0.33
 0.46 0.46
 1.30 1.28
 1.20 1.17
 0.97 0.96
 0.20 0.21
 0.18 0.17
 1.13 1.10
 0.91 0.93
 3.94 3.99
 6.52 6.44
 1.35 1.38
 0.25 0.24
 0.26 0.24
 0.41 0.44
 4.13 4.16
 0.13 0.15
 0.21 0.22
 2.34 2.32
 2.03 1.99
 4.88 4.86
 3.46 3.44
 0.28 0.28
 0.15 0.16
 0.31 0.31
 0.52 0.66
 1.60 1.54
 3.16 3.11
 1.10 1.06
 0.30 0.27
 2.27 2.30
 1.27 1.24
 1.07 1.13
 0.02 0.07
 3.10 3.12
 1.58 1.61
 0.31 0.30
 2.06 2.08
 1.77 1.77
 2.95 2.98
 0.44 0.43
 2.51 2.49
 0.82 0.83
 0.88 0.88
 3.28 3.29
 0.74 0.72
 0.38 0.42
 0.58 0.55
 0.91 0.94
 2.06 2.04
 1.05 1.15
 0.91 0.97
 1.30 1.22
 0.83 0.79
 3.32 3.39
 0.24 0.23
 0.59 0.56
 0.27 0.26
 1.68 1.68
 3.39 3.38
 0.67 0.67
 0.66 0.63
 2.24 2.26
 2.19 2.24
 2.72 2.73
 2.16 2.14
 0.61 0.59
 0.59 0.63
 0.35 0.36
 0.70 0.71
 2.59 2.55
 0.37 0.38
 1.41 1.45
 2.09 2.04
 0.76 0.77
 0.65 0.60
 1.10 1.06
 2.44 2.38
 2.89 2.91
 1.76 1.77
 1.81 1.77
 1.34 1.44
 2.75 2.67
 1.85 1.82
 0.70 0.73
 1.54 1.55
 4.85 4.76
 0.82 0.82
 1.02 1.04
 0.46 0.48
 1.11 1.16
 1.12 1.14
 1.34 1.33
 0.26 0.28
 0.71 0.65
 4.42 4.47
 1.00 0.99
 1.56 1.66
 0.77 0.77
 0.12 0.15
 0.49 0.52
 0.24 0.23
 0.68 0.68
 0.39 0.37
 0.93 0.89
 1.33 1.27
 2.58 2.61
 0.91 0.85
 1.44 1.43
 0.77 0.78
 0.80 0.77
 0.90 0.88
 0.79 0.80
 1.02 0.99
 0.51 0.50
 1.10 1.10
 1.48 1.46
 0.36 0.34
 1.29 1.34
 1.87 1.87
 1.05 1.13
 4.29 4.37
 0.96 0.97
 1.68 1.73
 0.73 0.75
 0.53 0.53
 0.64 0.68
 0.52 0.53
 0.26 0.25
 0.47 0.44
 0.37 0.34
 0.09 0.14
 0.45 0.46
 3.25 3.24
 2.19 2.26
 0.72 0.73
 3.98 3.92
 1.63 1.63
 0.48 0.48
 0.22 0.22
 0.76 0.73
 2.46 2.49
 0.59 0.60
 1.15 1.14
 3.15 3.13
 0.08 0.08
 0.39 0.38
 4.46 4.40
 2.17 2.18
 0.77 0.74
 1.03 1.03
 0.12 0.13
 3.28 3.32
 1.09 1.03
 1.08 1.08
 1.29 1.26
 6.78 6.23
 5.00 5.09
 0.10 0.10
 0.60 0.57
 1.16 1.11
 0.67 0.66
 1.45 1.48
 0.40 0.40
 0.65 0.69
 0.80 0.80
 3.83 3.86
 0.80 0.78
 2.88 2.99
 0.38 0.38
 2.60 2.71
 0.21 0.21
 2.97 3.04
 0.83 0.84
 3.26 3.30
 0.62 0.56
 1.81 1.81
 0.77 0.80
 3.50 3.50
 0.37 0.37
 0.69 0.68
 2.22 2.17
 0.95 0.97
 1.25 1.27
 0.56 0.53
 0.91 0.90
 1.13 1.19
 1.09 1.14
 1.15 1.20
 0.37 0.33
 0.96 0.94
 0.69 0.64
 0.43 0.45
 2.22 2.26
 1.28 1.28
 1.06 1.00
 1.68 1.65
 1.97 1.87
 3.15 3.17
 0.52 0.51
 1.26 1.33
 1.24 1.30
 1.16 1.19
 0.88 0.85
 2.56 2.48
 1.59 1.58
 1.79 1.78
 0.42 0.47
 0.92 0.88
 0.79 0.81
 0.50 0.46
 3.84 3.88
 1.45 1.49
 1.41 1.43
 0.21 0.29
 2.12 2.07
 1.51 1.59
 0.72 0.71
 0.21 0.25
 2.20 2.18
 0.81 0.76
 1.70 1.64
 1.18 1.23
 2.47 2.52
 3.01 2.98
 0.91 0.91
 0.93 0.93
 2.76 2.79
 0.17 0.17
 0.89 0.89
 1.36 1.43
 1.43 1.43
 0.56 0.50
 3.03 2.95
 1.61 1.69
 0.55 0.57
 2.28 2.26
 0.41 0.41
 0.39 0.40
 0.23 0.22
 0.69 0.70
 2.56 2.57
 4.84 4.82
 3.17 3.11
 0.57 0.51
 2.30 2.27
 2.18 2.13
 0.33 0.48
 0.60 0.57
 3.12 3.05
 0.16 0.15
 0.80 0.82
 0.69 0.72
 0.24 0.26
 1.42 1.40
 1.46 1.47
 0.26 0.25
 1.10 1.10
 1.29 1.31
 0.30 0.32
 1.41 1.44
 2.18 2.21
 2.76 2.70
 0.72 0.76
 5.48 5.48
 1.47 1.47
 0.96 0.93
 1.33 1.36
 3.12 3.01
 1.24 1.27
 0.85 0.82
 1.14 1.18
 2.69 2.71
 0.60 0.58
 0.88 0.88
 0.27 0.29
 3.77 3.73
 0.94 0.90
 1.24 1.22
 2.11 2.17
 1.18 1.20
 3.31 3.29
 0.50 0.46
 1.16 1.19
 2.10 2.19
 1.41 1.46
 0.79 0.73
 0.18 0.17
 0.56 0.53
 3.18 3.11
 1.11 1.07
 1.60 1.60
 1.03 1.01
 1.51 1.51
 1.69 1.76
 0.47 0.45
 0.31 0.31
 1.62 1.72
 0.08 0.11
 0.67 0.64
 0.46 0.42
 2.65 2.76
 2.26 2.27
 1.24 1.19
 4.42 4.48
 1.48 1.49
 0.49 0.54
 2.98 2.99
 0.63 0.63
 0.50 0.46
 0.77 0.75
 2.19 2.16
 2.07 2.02
 3.31 3.39
 0.23 0.22
 0.67 0.66
 2.38 2.40
 1.57 1.53
 0.29 0.26
 0.93 0.95
 1.98 1.97
 3.35 3.35
 1.04 1.01
 0.47 0.46
 3.34 3.28
 2.51 2.49
 0.48 0.47
 0.52 0.57
 0.47 0.48
 0.91 0.92
 0.16 0.16
 0.19 0.20
 4.85 4.77
 4.99 4.84
 3.94 3.97
 0.75 0.79
 2.67 2.64
 0.37 0.36
 2.46 2.58
 2.84 2.87
 2.81 2.73
 3.31 3.28
 0.42 0.41
 1.34 1.38
 2.30 2.24
 4.03 4.01
 0.77 0.76
 0.73 0.78
 3.12 3.14
 0.69 0.63
 1.56 1.55
 1.50 1.44
 1.24 1.27
 2.29 2.23
 0.06 0.11
 1.24 1.27
 1.98 1.95
 0.36 0.37
 0.94 0.94
 0.39 0.40
 2.15 2.10
 0.72 0.70
 1.60 1.57
 0.52 0.47
 2.37 2.41
 1.05 1.05
 1.61 1.72
 3.61 3.61
 1.56 1.52
 0.68 0.65
 0.83 0.86
 3.57 3.59
 0.30 0.29
 1.20 1.27
 4.20 4.19
 5.24 5.13
 0.34 0.33
 0.46 0.45
 4.07 4.06
 1.00 0.99
 3.17 3.19
 3.82 3.83
 1.17 1.24
 0.68 0.64
 3.86 3.87
 0.46 0.42
 0.42 0.46
 1.28 1.28
 1.26 1.30
 2.51 2.48
 0.01 0.07
 0.60 0.59
 0.19 0.18
 1.33 1.34
 2.34 2.28
 1.49 1.52
 2.20 2.14
 4.98 4.92
 2.15 2.16
 0.94 0.94
 0.89 0.82
 1.69 1.65
 0.40 0.39
 0.45 0.47
 3.32 3.34
 0.58 0.58
 0.84 0.83
 1.17 1.15
 0.58 0.60
 0.54 0.55
 0.92 0.91
 0.70 0.66
 1.81 1.83
 3.80 3.81
 1.71 1.76
 4.46 4.46
 1.27 1.33
 1.28 1.33
 2.48 2.53
 0.71 0.64
 0.13 0.14
 0.23 0.22
 1.16 1.16
 0.82 0.78
 1.27 1.28
 0.96 0.94
 0.88 0.94
 0.92 1.00
 1.23 1.24
 0.37 0.36
 2.26 2.24
 0.49 0.49
 0.88 0.85
 1.59 1.61
 2.75 2.65
 0.96 1.01
 1.27 1.26
 1.09 1.12
 0.53 0.52
 0.37 0.34
 0.88 0.89
 0.90 0.91
 0.49 0.47
 2.20 2.17
 0.65 0.61
 0.50 0.54
 1.32 1.32
 3.02 3.09
 0.94 0.96
 1.30 1.27
 2.02 2.17
 1.93 1.96
 0.91 0.92
 0.45 0.44
 0.28 0.27
 4.81 4.85
 2.27 2.29
 1.10 1.13
 1.33 1.35
 0.95 0.89
 1.76 1.79
 0.58 0.52
 0.92 0.89
 0.79 0.75
 1.78 1.75
 1.10 1.11
 1.60 1.62
 2.70 2.76
 0.27 0.25
 1.57 1.58
 0.55 0.57
 0.43 0.42
 1.23 1.23
 3.81 3.77
 0.27 0.25
 1.44 1.51
 0.21 0.28
 1.68 1.72
 0.48 0.49
 1.57 1.64
 2.12 2.10
 0.62 0.60
 2.45 2.40
 1.10 1.12
 2.95 2.97
 3.63 3.61
 1.54 1.53
 0.27 0.26
 2.36 2.42
 2.10 2.12
 0.95 0.95
 1.13 1.09
 1.65 1.61
 2.68 2.66
 0.92 0.93
 1.46 1.50
 2.06 2.09
 3.33 3.37
 1.54 1.55
 3.09 3.13
 1.86 1.87
 1.83 1.86
 0.62 0.62
 1.99 1.99
 1.74 1.75
 0.33 0.33
 0.62 0.59
 0.42 0.41
 2.80 2.87
 1.77 1.71
 0.25 0.25
 1.68 1.70
 1.65 1.66
 5.12 5.09
 2.60 2.62
 1.46 1.44
 4.46 4.45
 0.77 0.74
 1.05 1.06
 0.18 0.19
 1.94 2.02
 1.09 1.14
 0.37 0.38
 0.87 0.89
 0.75 0.76
 1.86 1.83
 0.35 0.35
 1.02 1.09
 4.94 4.99
 2.22 2.15
 1.06 1.13
 0.70 0.73
 1.00 1.00
 0.42 0.39
 0.20 0.23
 0.07 0.11
 1.11 1.07
 2.35 2.34
 1.36 1.43
 3.01 2.94
 0.92 0.90
 3.86 3.90
 1.26 1.21
 1.10 1.13
 0.86 0.86
 0.43 0.40
 2.26 2.25
 1.72 1.71
 3.52 3.50
 1.96 2.06
 0.94 0.94
 0.68 0.66
 0.44 0.44
 0.48 0.48
 3.03 2.96
 3.59 3.59
 1.08 1.04
 2.33 2.33
 0.79 0.78
 0.02 0.06
 1.89 1.86
 0.58 0.55
 0.18 0.21
 2.13 2.12
 0.94 0.91
 0.29 0.27
 1.01 1.01
 0.81 0.83
 1.86 1.86
 1.01 1.03
 0.67 0.67
 0.70 0.71
 0.70 0.72
 1.29 1.31
 2.05 2.03
 2.66 2.56
 0.04 0.06
 2.07 2.08
 1.46 1.48
 0.91 0.92
 0.73 0.66
 1.62 1.60
 2.33 2.32
 0.75 0.72
 0.94 0.93
 0.32 0.32
 0.73 0.73
 0.48 0.45
 5.49 5.44
 0.49 0.55
 1.86 1.86
 0.77 0.78
 0.20 0.22
 2.73 2.69
 1.64 1.64
 2.62 2.66
 3.73 3.77
 0.92 0.90
 0.27 0.36
 2.76 2.78
 0.98 0.94
 1.53 1.57
 0.90 0.90
 2.85 2.88
 0.23 0.23
 1.43 1.41
 0.99 0.97
 2.20 2.13
 1.41 1.41
 1.07 1.11
 0.32 0.31
 0.50 0.51
 0.56 0.53
 0.50 0.51
 2.54 2.47
 1.48 1.44
 0.55 0.54
 0.90 0.93
 0.82 0.84
 0.27 0.25
 0.62 0.62
 1.20 1.17
 0.72 0.69
 1.17 1.13
 0.88 0.84
 3.89 3.83
 2.51 2.50
 0.11 0.12
 0.07 0.08
 0.68 0.69
 2.47 2.45
 0.28 0.35
 1.17 1.12
 1.98 1.95
 1.95 1.94
 3.05 3.04
 3.86 3.89
 0.55 0.52
 5.42 5.27
 1.38 1.32
 2.41 2.39
 0.75 0.72
 0.24 0.25
 0.29 0.31
 3.02 3.08
 2.40 2.42
 2.64 2.62
 3.06 3.06
 0.78 0.79
 0.70 0.63
 2.64 2.69
 1.74 1.73
 1.93 1.91
 1.09 1.06
 1.76 1.82
 1.43 1.45
 2.18 2.17
 2.81 2.71
 0.57 0.55
 0.10 0.09
 0.87 0.93
 0.51 0.50
 0.89 0.92
 1.27 1.30
 4.65 4.53
 1.65 1.63
 1.29 1.34
 2.70 2.62
 1.71 1.72
 1.22 1.24
 2.02 1.89
 3.44 3.47
 0.77 0.76
 4.82 4.94
 0.76 0.75
 2.28 2.18
 1.04 0.97
 0.53 0.51
 3.57 3.58
 2.24 2.19
 0.15 0.16
 0.33 0.31
 0.85 0.89
 1.91 1.91
 0.87 0.88
 0.75 0.80
 0.46 0.44
 0.28 0.28
 1.08 1.01
 2.08 2.05
 2.60 2.58
 0.41 0.42
 1.99 1.95
 0.28 0.25
 0.48 0.52
 1.16 1.12
 1.20 1.19
 2.75 2.65
 0.81 0.77
 0.36 0.36
 1.22 1.23
 0.64 0.73
 0.70 0.67
 2.87 2.86
 1.59 1.56
 1.57 1.54
 3.69 3.68
 1.57 1.55
 2.32 2.37
 0.32 0.29
 0.24 0.24
 1.38 1.37
 1.53 1.57
 2.40 2.42
 0.81 0.78
 1.28 1.30
 0.95 0.94
 3.17 3.21
 0.30 0.28
 1.18 1.19
 0.12 0.12
 0.45 0.44
 1.52 1.54
 3.35 3.34
 2.72 2.63
 0.97 0.96
 2.61 2.55
 0.95 0.93
 0.24 0.24
 1.81 1.80
 1.35 1.36
 0.21 0.21
 1.60 1.57
 0.78 0.75
 1.61 1.56
 0.92 0.85
 1.07 1.01
 2.74 2.72
 2.83 2.92
 1.36 1.37
 1.53 1.51
 0.19 0.24
 0.47 0.47
 0.12 0.16
 1.11 1.08
 0.64 0.60
 2.36 2.40
 2.76 2.72
 0.97 0.90
 0.43 0.41
 1.12 1.16
 0.63 0.59
 5.29 5.29
 0.37 0.39
 0.23 0.25
 2.92 2.93
 4.94 4.89
 0.30 0.31
 0.90 0.88
 0.16 0.21
 0.25 0.26
 2.13 2.13
 0.42 0.38
 0.63 0.61
 0.35 0.35
 1.43 1.47
 1.73 1.73
 1.68 1.74
 1.02 0.98
 0.50 0.50
 0.95 0.90
 0.97 0.97
 1.52 1.51
 0.95 0.93
 1.65 1.71
 2.11 2.13
 1.62 1.70
 1.33 1.30
 1.14 1.15
 0.88 0.84
 1.42 1.45
 1.52 1.53
 1.03 1.04
 2.43 2.37
 0.30 0.31
 0.67 0.68
 2.62 2.55
 1.71 1.73
 3.23 3.18
 1.40 1.37
 2.52 2.58
 0.55 0.52
 0.39 0.37
 1.84 1.83
 1.30 1.35
 0.84 0.83
 0.37 0.39
 3.54 3.39
 1.18 1.19
 0.66 0.65
 0.33 0.32
 3.78 3.72
 1.19 1.16
 2.44 2.42
 0.75 0.69
 0.69 0.73
 0.77 0.78
 0.53 0.51
 3.87 3.84
 2.14 2.12
 3.61 3.47
 1.63 1.60
 0.26 0.27
 0.60 0.63
 0.65 0.68
 0.90 0.93
 0.42 0.45
 1.08 1.18
 1.15 1.11
 0.50 0.48
 2.25 2.29
 0.69 0.65
 0.55 0.49
 1.25 1.27
 0.67 0.60
 1.00 0.99
 4.87 4.91
 1.15 1.18
 2.98 3.04
 1.29 1.35
 1.40 1.42
 1.11 1.15
 1.16 1.13
 1.06 1.09
 1.96 1.97
 1.12 1.16
 0.24 0.24
 6.32 6.23
 0.08 0.11
 0.44 0.46
 1.64 1.62
 4.51 4.45
 0.92 0.94
 0.24 0.43
 1.02 1.02
 1.37 1.45
 0.49 0.49
 1.13 1.12
 1.42 1.40
 0.73 0.74
 0.46 0.45
 1.15 1.15
 0.17 0.17
 1.86 1.82
 0.76 0.80
 0.16 0.20
 1.90 1.88
 0.91 0.93
 0.85 0.89
 0.18 0.17
 1.10 1.07
 2.80 2.76
 5.92 5.88
 0.55 0.54
 0.83 0.84
 0.66 0.69
 1.04 1.01
 2.59 2.56
 2.27 2.18
 0.97 0.92
 1.45 1.42
 1.21 1.23
 3.50 3.57
 1.14 1.15
 0.67 0.69
 0.37 0.37
 1.50 1.54
 1.96 1.96
 2.43 2.32
 1.89 1.90
 2.05 2.03
 0.80 0.77
 2.24 2.13
 1.64 1.63
 1.68 1.68
 1.52 1.54
 1.80 1.75
 1.40 1.42
 3.30 3.35
 1.58 1.59
 0.53 0.53
 0.71 0.70
 1.25 1.23
 1.02 1.05
 0.97 0.99
 1.36 1.34
 0.99 1.01
 0.57 0.59
 0.40 0.36
 3.78 3.83
 0.87 0.89
 6.83 6.58
 1.01 1.08
 1.94 1.93
 0.89 0.93
 0.88 0.92
 3.50 3.60
 0.35 0.35
 0.82 0.80
 2.61 2.55
 0.47 0.51
 1.39 1.39
 4.07 3.92
 3.61 3.49
 0.23 0.26
 0.52 0.55
 0.82 0.83
 0.53 0.52
 0.78 0.76
 3.05 3.15
 1.86 1.85
 1.95 1.96
 0.40 0.40
 2.32 2.34
 0.86 0.87
 0.53 0.50
 0.92 0.89
 1.02 1.02
 0.68 0.67
 0.99 0.95
 1.45 1.47
 0.79 0.75
 2.48 2.46
 0.58 0.58
 2.43 2.39
 0.29 0.27
 0.14 0.13
 0.72 0.71
 1.30 1.26
 0.49 0.49
 0.94 0.98
 0.42 0.40
 2.05 2.06
 0.64 0.61
 0.72 0.73
 0.18 0.23
 0.72 0.65
 0.44 0.43
 0.24 0.25
 1.50 1.52
 0.88 0.86
 1.28 1.26
 0.38 0.38
 0.48 0.42
 0.75 0.69
 0.41 0.42
 0.97 1.00
 1.25 1.28
 1.32 1.24
 1.45 1.43
 1.54 1.50
 0.47 0.45
 3.41 3.38
 1.05 1.04
 3.19 3.16
 2.66 2.59
 1.58 1.56
 3.37 3.40
 0.84 0.85
 3.80 3.79
 0.98 1.03
 0.71 0.69
 0.78 0.80
 2.14 2.17
 0.55 0.56
 0.80 0.79
 0.92 0.91
 3.01 3.04
 3.02 3.07
 3.28 3.30
 2.12 2.10
 5.39 5.43
 0.77 0.72
 0.55 0.49
 0.93 0.87
 0.51 0.48
 2.37 2.42
 0.61 0.61
 0.46 0.44
 2.75 2.71
 2.46 2.44
 0.79 0.77
 1.20 1.20
 0.45 0.43
 0.71 0.67
 2.37 2.38
 0.35 0.34
 0.59 0.62
 0.25 0.27
 0.39 0.36
 0.12 0.12
 0.71 0.69
 1.69 1.72
 4.08 4.12
 0.49 0.46
 0.76 0.82
 2.69 2.74
 3.52 3.58
 2.40 2.36
 3.15 3.15
 0.69 0.74
 3.82 3.94
 3.53 3.61
 0.80 0.79
 2.69 2.75
 2.00 1.98
 6.07 5.96
 4.11 4.16
 1.61 1.61
 1.00 0.99
 0.93 0.95
 1.48 1.47
 0.47 0.48
 0.82 0.83
 0.19 0.20
 2.51 2.46
 2.52 2.61
 2.81 2.84
 1.72 1.75
 1.23 1.24
 1.12 1.08
 2.89 2.90
 0.29 0.27
 0.08 0.10
 0.64 0.64
 0.91 0.89
 0.33 0.32
 2.34 2.33
 1.76 1.83
 0.58 0.58
 0.24 0.26
 0.83 0.85
 0.68 0.70
