 1.18 0.97
 0.67 0.82
 1.04 1.30
 2.41 2.68
 0.64 -0.08
 0.74 0.91
 0.38 1.00
 0.16 0.11
 0.44 0.49
 3.62 2.89
 0.95 0.79
 0.70 0.29
 0.62 1.22
 0.67 0.71
 2.78 2.95
 0.07 0.12
 0.37 1.10
 0.56 0.74
 1.72 1.27
 5.30 4.86
 1.40 1.14
 0.91 0.72
 0.31 0.25
 0.58 1.14
 3.17 3.02
 0.73 2.01
 3.30 2.97
 1.32 1.37
 0.47 0.58
 0.40 -0.21
 2.51 2.06
 0.38 2.60
 1.30 1.06
 2.80 2.24
 4.88 3.16
 2.08 2.00
 0.49 0.91
 2.34 2.36
 0.80 1.12
 1.64 1.50
 1.02 1.39
 0.15 -0.01
 1.70 1.51
 0.17 0.62
 1.42 0.90
 1.62 1.56
 1.37 1.31
 0.82 1.24
 1.81 0.96
 0.40 0.50
 4.41 3.55
 1.59 1.09
 2.22 1.75
 0.82 0.59
 0.52 1.51
 0.86 1.07
 2.11 1.66
 3.32 2.28
 0.92 0.37
 1.19 0.59
 1.47 1.06
 1.63 1.45
 0.28 1.24
 0.60 0.79
 0.27 1.61
 1.09 2.30
 2.40 2.91
 0.15 -0.07
 1.29 2.30
 3.54 2.22
 0.21 0.40
 4.57 3.39
 1.11 0.95
 0.85 0.73
 1.00 1.08
 0.83 0.61
 3.14 1.94
 1.19 1.94
 0.29 1.25
 0.33 0.57
 0.97 0.93
 0.90 1.14
 0.77 1.13
 0.26 0.26
 0.72 0.90
 0.93 1.07
 0.46 1.92
 3.02 2.44
 0.65 0.62
 1.01 0.32
 0.55 0.35
 4.90 3.55
 0.68 0.67
 0.55 0.98
 3.05 3.36
 0.36 0.27
 1.09 7.07
 0.61 1.36
 2.04 2.66
 0.24 0.62
 1.56 2.54
 3.38 2.70
 4.59 3.04
 0.09 0.68
 0.70 0.69
 2.13 1.48
 0.46 0.30
 0.77 0.92
 0.47 0.64
 0.48 0.85
 1.05 1.32
 1.24 2.32
 0.39 0.60
 1.03 0.64
 1.14 0.89
 1.23 0.71
 0.49 0.76
 0.95 0.74
 0.99 0.87
 1.05 1.45
 0.38 0.98
 0.42 -0.17
 3.53 1.85
 3.60 2.49
 0.60 0.76
 0.89 0.67
 3.64 2.67
 3.21 1.87
 0.13 -0.23
 0.99 1.75
 2.24 1.50
 0.90 0.65
 1.54 1.71
 3.35 2.54
 3.24 2.46
 2.02 1.37
 0.17 0.08
 3.14 2.55
 1.76 0.84
 2.39 3.49
 0.34 0.41
 1.96 2.32
 0.95 0.40
 1.68 1.08
 2.73 2.29
 2.34 1.95
 1.18 0.99
 0.88 0.10
 0.31 0.40
 0.46 1.32
 0.75 1.85
 2.42 3.24
 1.98 1.16
 0.32 0.55
 0.50 0.62
 0.45 0.67
 0.99 0.65
 0.98 2.56
 1.24 1.64
 0.92 2.04
 1.32 0.70
 1.11 0.33
 1.22 0.74
 0.84 1.61
 0.67 1.60
 0.87 1.70
 2.60 2.67
 2.09 2.20
 0.38 0.60
 2.75 2.09
 0.85 0.42
 1.61 1.43
 2.44 1.75
 0.18 0.10
 0.84 1.14
 0.88 1.76
 1.16 0.87
 0.73 1.71
 1.47 1.79
 0.14 0.47
 2.09 2.07
 1.66 1.45
 1.96 2.31
 1.91 0.91
 0.53 1.75
 2.75 2.22
 0.92 1.68
 0.45 0.46
 0.59 1.02
 0.45 0.43
 0.55 1.14
 1.00 1.93
 3.14 2.60
 0.61 1.21
 2.46 2.00
 0.36 2.07
 0.29 0.77
 1.76 1.22
 0.83 0.46
 0.32 1.07
 0.82 0.65
 0.55 0.68
 3.17 2.64
 1.47 1.25
 0.13 0.24
 1.91 3.75
 3.49 2.64
 3.63 2.76
 0.44 0.76
 0.60 0.59
 0.65 0.85
 0.82 0.85
 1.70 1.53
 0.59 2.89
 0.30 1.17
 0.39 0.26
 0.76 1.89
 2.02 4.11
 1.97 2.29
 0.44 1.55
 1.78 1.22
 0.45 0.51
 1.10 1.25
 1.14 1.25
 0.86 1.09
 0.63 0.95
 0.84 1.39
 0.21 1.30
 0.20 1.13
 0.27 0.72
 0.25 1.58
 0.84 1.69
 1.90 2.17
 0.29 1.45
 2.21 1.82
 4.03 4.27
 0.25 1.49
 3.66 3.58
 0.46 1.06
 2.31 1.66
 2.51 2.02
 0.43 0.82
 0.19 -0.47
 0.23 0.36
 1.03 0.51
 0.97 0.89
 1.14 2.30
 0.82 0.79
 0.47 0.64
 0.40 0.46
 0.56 1.42
 1.17 1.03
 0.72 1.20
 1.18 1.76
 2.46 2.08
 1.62 1.46
 1.79 2.30
 2.50 3.18
 0.18 0.50
 0.32 0.41
 1.47 0.96
 2.57 1.87
 1.08 0.91
 1.28 1.77
 0.15 0.36
 0.25 0.64
 2.79 2.22
 3.19 2.05
 0.28 0.35
 0.63 0.79
 1.72 1.72
 2.19 0.70
 4.88 4.42
 1.91 1.19
 0.22 0.20
 0.64 0.70
 0.83 1.36
 0.87 0.82
 2.08 2.52
 0.93 0.96
 0.70 0.65
 5.37 2.96
 0.46 0.79
 1.69 1.65
 0.40 0.50
 2.67 2.14
 0.41 2.12
 2.76 2.24
 2.12 2.17
 0.54 0.66
 0.93 0.60
 0.26 0.30
 1.64 1.71
 1.29 0.90
 0.24 1.01
 0.97 0.74
 0.70 -1.39
 4.81 2.71
 1.97 1.58
 3.33 2.96
 0.94 2.51
 1.38 1.21
 2.59 2.35
 1.43 1.41
 0.69 1.41
 1.75 1.18
 1.00 0.59
 2.62 1.80
 0.42 -1.34
 2.42 2.34
 0.93 1.63
 0.64 1.55
 0.07 0.35
 2.99 2.47
 2.57 2.97
 1.68 1.50
 3.31 3.17
 4.38 3.59
 1.63 2.23
 0.58 1.03
 0.43 -0.08
 3.05 2.63
 3.04 2.35
 2.26 1.89
 3.84 2.83
 0.82 1.02
 3.26 2.52
 3.22 2.52
 0.56 0.72
 0.39 0.70
 0.70 1.15
 3.73 2.60
 0.38 1.33
 1.31 1.40
 3.17 2.68
 1.08 1.35
 1.07 1.49
 2.98 2.19
 0.40 0.54
 2.29 1.90
 3.32 2.87
 1.90 2.00
 0.75 1.69
 0.41 0.99
 1.37 0.38
 0.83 0.86
 0.78 0.56
 0.53 2.20
 0.36 1.43
 1.17 0.76
 2.23 1.51
 1.55 1.34
 0.64 0.24
 4.73 3.44
 3.49 4.33
 2.94 3.26
 2.37 2.01
 1.64 1.19
 0.75 2.00
 0.56 1.06
 3.71 3.15
 1.13 2.09
 1.61 2.32
 1.74 1.57
 1.29 0.75
 0.87 0.64
 2.52 1.53
 3.04 2.83
 1.06 2.07
 2.13 1.64
 3.17 4.14
 0.97 0.71
 1.01 1.36
 2.42 3.43
 0.30 20.75
 2.51 2.19
 0.72 1.08
 1.53 1.30
 1.20 1.25
 1.88 1.13
 0.80 0.27
 3.16 2.66
 1.20 1.23
 1.23 1.75
 3.64 4.11
 1.04 1.20
 0.47 0.88
 0.05 0.23
 1.79 2.42
 0.88 0.78
 1.07 0.84
 0.59 0.78
 1.24 1.87
 2.16 1.12
 0.62 0.21
 0.22 0.41
 0.76 0.96
 1.27 0.92
 0.96 1.76
 0.54 0.76
 3.52 2.72
 0.95 0.75
 2.48 2.10
 0.87 0.10
 0.10 0.32
 0.47 0.33
 0.89 1.35
 1.54 0.70
 1.67 1.46
 0.67 0.61
 2.63 1.95
 0.77 0.82
 0.82 0.82
 0.49 0.55
 2.68 1.43
 0.85 0.78
 0.23 0.46
 4.08 4.07
 2.74 2.50
 0.04 0.42
 0.64 1.32
 1.42 1.18
 3.08 2.43
 2.99 2.15
 2.87 2.10
 0.48 0.87
 2.08 1.64
 0.24 0.73
 0.70 0.96
 0.51 0.62
 0.37 1.24
 1.33 1.55
 1.02 2.23
 1.53 1.75
 0.77 -0.59
 2.29 0.99
 0.69 0.45
 0.84 0.63
 0.46 0.63
 0.33 0.99
 2.94 2.22
 1.18 0.83
 0.78 0.95
 4.45 3.27
 2.07 1.52
 1.15 1.06
 1.95 2.05
 3.71 2.89
 1.66 1.89
 2.68 0.88
 1.05 0.91
 0.74 0.82
 0.84 1.57
 0.91 1.87
 2.38 2.91
 1.71 1.62
 2.72 2.03
 1.26 0.82
 0.46 0.73
 5.13 2.72
 3.15 2.49
 1.28 0.78
 2.17 1.89
 0.16 0.64
 1.44 1.14
 0.85 1.55
 0.79 1.14
 0.64 0.84
 1.44 1.62
 2.62 2.52
 1.43 1.35
 1.33 1.08
 0.83 0.75
 3.35 3.01
 1.40 0.81
 0.78 1.06
 1.32 1.34
 1.18 1.02
 2.47 2.00
 2.19 0.88
 0.80 0.51
 1.06 0.49
 1.24 1.30
 0.80 0.61
 3.97 3.86
 1.81 1.28
 0.24 0.27
 2.58 3.38
 0.50 1.29
 1.32 1.49
 0.15 0.15
 1.24 0.93
 1.22 1.24
 0.71 1.45
 2.21 2.14
 1.08 1.27
 2.05 1.66
 1.84 1.60
 0.29 1.38
 5.25 3.04
 1.12 1.68
 3.78 2.30
 1.11 0.58
 5.76 3.99
 0.73 0.62
 1.49 0.87
 1.29 1.78
 1.88 0.99
 1.27 1.09
 1.20 2.08
 0.39 0.82
 0.75 0.35
 1.07 1.06
 0.14 0.51
 2.09 2.08
 0.36 0.26
 3.55 3.82
 2.60 2.37
 1.50 1.22
 1.29 0.96
 0.79 0.54
 0.82 1.01
 1.24 1.13
 1.23 2.04
 0.58 0.94
 1.24 1.27
 2.31 1.66
 2.98 1.93
 0.86 1.43
 1.01 1.37
 0.42 1.13
 1.11 0.87
 2.63 1.83
 2.89 2.55
 3.11 3.65
 2.30 1.94
 0.76 1.54
 3.79 2.70
 1.86 2.49
 0.23 0.23
 0.44 0.70
 3.11 2.30
 2.78 3.62
 0.91 1.06
 0.52 1.05
 0.92 0.88
 2.27 1.69
 2.00 1.90
 0.62 1.36
 1.40 1.74
 2.23 2.48
 2.84 3.41
 2.95 1.93
 1.30 1.39
 0.36 -0.01
 1.63 1.40
 0.73 1.07
 1.17 1.31
 1.20 2.12
 2.43 1.08
 0.61 0.97
 3.02 1.49
 2.46 2.52
 2.87 1.38
 1.46 1.22
 0.75 0.91
 2.14 1.27
 3.54 4.27
 1.37 1.64
 3.30 1.94
 0.75 0.95
 0.24 0.34
 2.92 2.05
 3.46 2.99
 4.63 3.47
 1.08 1.45
 3.78 2.55
 0.47 0.46
 0.78 0.78
 1.06 0.96
 0.73 3.29
 6.24 3.17
 0.89 1.10
 1.68 2.11
 6.51 3.14
 5.92 4.58
 0.51 1.51
 0.35 0.56
 1.18 1.09
 1.24 1.13
 0.49 0.64
 0.79 0.70
 0.39 0.61
 0.82 0.61
 0.47 0.36
 2.49 2.18
 3.18 2.50
 3.66 2.00
 2.75 2.25
 3.42 2.57
 3.76 3.51
 0.60 0.43
 2.10 2.31
 2.29 1.54
 1.24 1.48
 3.16 2.66
 3.13 2.28
 1.96 1.59
 1.07 1.29
 1.36 1.79
 1.52 0.85
 1.26 1.33
 0.83 1.24
 0.56 3.15
 1.99 1.66
 0.62 1.19
 1.96 1.28
 0.63 0.56
 2.09 1.20
 1.35 1.82
 2.00 1.69
 0.50 0.96
 3.03 1.99
 1.06 1.19
 0.17 0.65
 0.53 0.42
 0.47 0.80
 2.32 2.10
 0.57 0.68
 4.00 3.24
 2.05 1.26
 0.29 2.23
 1.71 1.55
 3.97 2.70
 0.21 0.73
 2.93 2.83
 1.24 1.37
 0.17 0.14
 0.53 0.03
 0.85 0.82
 0.74 2.85
 0.49 0.54
 0.46 0.59
 3.46 2.61
 2.12 2.79
 1.81 0.90
 2.60 1.72
 0.18 0.93
 2.58 2.51
 1.35 0.68
 0.47 0.87
 0.26 1.50
 1.98 1.43
 1.06 0.68
 1.87 1.64
 0.43 0.65
 1.60 0.73
 0.76 0.98
 2.02 1.86
 0.73 1.72
 0.98 1.52
 1.24 2.72
 1.77 1.06
 2.09 1.68
 0.07 -0.26
 0.74 1.50
 2.02 1.49
 1.70 1.52
 1.59 0.84
 1.40 -1.62
 1.65 0.98
 2.25 2.32
 1.94 1.44
 1.21 1.61
 2.26 2.08
 2.71 2.03
 1.65 1.29
 1.19 1.38
 0.46 0.82
 0.50 0.40
 0.66 0.91
 2.78 3.16
 1.99 1.67
 0.83 0.38
 2.06 2.05
 3.90 3.03
 0.31 1.42
 0.97 0.91
 0.47 0.67
 1.81 1.85
 4.66 4.42
 3.02 1.41
 0.96 0.74
 0.64 0.58
 1.41 1.38
 1.20 1.03
 0.38 0.56
 2.35 2.09
 1.36 0.85
 2.35 1.85
 1.58 1.52
 2.50 1.77
 0.23 0.22
 1.74 1.09
 0.89 0.84
 2.23 1.73
 0.83 0.90
 4.82 3.46
 1.03 0.95
 0.84 1.15
 5.38 1.74
 1.08 0.33
 1.69 2.03
 0.30 0.45
 2.84 2.06
 0.86 1.05
 1.64 1.26
 1.43 0.64
 1.77 1.26
 1.00 0.35
 0.31 0.50
 0.32 1.12
 0.33 0.36
 3.04 2.48
 0.21 0.68
 1.49 0.87
 2.62 1.51
 2.97 3.60
 0.24 0.43
 1.04 0.57
 1.77 1.86
 0.28 -1.25
 2.35 1.79
 1.85 0.85
 3.18 2.31
 0.26 0.68
 1.32 1.13
 0.57 3.30
 1.56 1.88
 0.53 0.60
 2.21 2.00
 1.84 1.18
 0.59 0.47
 1.45 1.40
 0.90 0.67
 2.23 1.40
 1.58 1.63
 2.16 3.28
 2.12 1.30
 3.05 1.84
 0.29 0.02
 0.68 0.49
 3.30 3.89
 1.36 1.13
 2.69 1.76
 0.36 0.72
 2.16 0.98
 2.05 1.04
 0.91 0.92
 1.73 1.26
 0.28 0.53
 0.23 0.49
 0.88 1.61
 2.18 2.04
 3.30 2.87
 1.86 1.74
 1.57 1.99
 1.73 1.39
 4.38 3.40
 2.88 2.07
 0.73 0.95
 0.66 1.13
 1.13 0.64
 0.89 0.36
 0.72 0.92
 1.34 1.71
 5.39 3.30
 2.32 1.54
 2.64 3.63
 3.88 2.35
 2.81 2.43
 2.72 1.53
 0.57 1.34
 1.71 2.16
 0.92 1.05
 0.37 0.54
 0.88 1.38
 0.85 0.64
 0.93 0.62
 2.83 2.19
 2.23 1.85
 3.29 2.63
 0.96 0.74
 1.73 1.09
 0.61 0.77
 1.36 1.26
 0.72 0.69
 0.33 0.30
 0.57 0.98
 1.78 2.23
 1.88 1.20
 1.02 1.02
 1.05 1.12
 1.86 1.28
 2.16 1.37
 3.14 3.91
 1.71 1.94
 0.16 0.30
 1.05 3.99
 2.69 2.69
 0.40 0.62
 1.60 1.70
 2.33 1.20
 2.27 1.21
 0.90 0.85
 0.95 1.66
 0.56 0.65
 5.52 3.27
 1.87 2.18
 4.71 5.23
 2.83 2.92
 0.91 1.44
 1.30 2.04
 1.65 0.95
 0.46 0.33
 0.73 1.31
 1.12 0.77
 1.70 1.70
 2.79 2.68
 1.08 0.91
 0.70 1.33
 1.00 1.17
 2.44 1.85
 1.65 1.69
 0.35 1.67
 0.25 1.41
 3.80 2.59
 0.93 1.13
 0.86 0.85
 0.97 0.84
 0.75 0.92
 0.96 0.99
 3.19 2.83
 1.62 2.48
 1.28 0.94
 2.42 2.44
 3.81 3.04
 0.39 0.87
 3.47 2.23
 3.50 1.79
 0.46 0.49
 0.60 -0.54
 2.91 1.93
 3.30 3.67
 2.94 2.66
 2.43 3.49
 1.28 0.89
 1.77 1.74
 1.60 1.36
 1.20 1.65
 0.81 1.01
 1.94 1.60
 1.65 1.48
 0.30 0.69
 0.50 1.18
 2.33 2.33
 1.24 1.33
 2.30 1.63
 1.79 2.32
 0.55 2.48
 1.90 1.97
 0.08 0.32
 0.80 0.87
 0.64 1.28
 1.61 0.80
 1.59 1.35
 1.20 0.77
 1.59 1.66
 2.38 1.86
 0.37 1.40
 1.52 0.89
 1.09 0.48
 0.11 0.67
 1.27 1.40
 1.24 1.28
 3.37 5.36
 0.77 0.53
 1.17 1.20
 1.80 1.69
 0.56 0.95
 1.73 1.39
 4.32 2.75
 0.53 0.72
 1.75 1.81
 1.92 1.88
 0.55 1.06
 0.49 0.48
 0.76 1.13
 1.30 1.19
 0.87 0.93
 0.25 1.42
 3.29 3.41
 1.57 0.58
 1.31 1.39
 2.47 2.13
 0.12 0.44
 0.65 1.01
 1.52 1.37
 1.16 0.70
 1.16 0.82
 0.96 1.11
 1.85 2.06
 4.31 3.37
 1.50 1.47
 1.39 1.44
 1.93 1.13
 1.09 0.75
 3.04 3.53
 4.27 3.61
 0.72 0.40
 1.43 1.60
 1.58 2.87
 1.40 1.72
 0.70 1.47
 0.22 1.25
 1.42 0.48
 1.22 1.30
 0.60 0.48
 0.94 0.84
 2.03 1.21
 2.60 1.73
 2.23 1.85
 0.53 0.72
 1.48 1.05
 1.06 0.80
 2.30 2.43
 1.06 1.06
 1.50 1.14
 1.24 1.55
 1.90 2.12
 0.09 1.30
 0.77 0.40
 0.80 0.71
 1.62 1.17
 1.21 0.74
 0.29 0.82
 2.64 1.97
 0.23 0.62
 3.84 4.23
 1.29 1.51
 1.48 1.39
 1.49 0.81
 0.75 1.32
 0.88 1.43
 0.58 1.51
 2.42 1.77
 3.63 2.94
 1.50 0.91
 0.79 1.87
 1.53 0.90
 1.06 0.80
 0.78 1.56
 0.68 2.12
 1.25 0.64
 0.38 0.12
 0.77 1.46
 0.45 1.28
 2.00 2.64
 2.25 1.70
 0.54 0.37
 1.48 1.01
 1.22 0.97
 0.13 -0.18
 0.66 1.47
 2.05 1.72
 0.26 0.45
 1.02 1.57
 0.40 0.22
 0.88 0.54
 0.74 3.00
 3.47 3.33
 0.61 1.34
 2.37 2.85
 0.53 -0.70
 0.55 0.84
 1.15 1.19
 0.75 0.51
 2.70 1.45
 0.71 0.81
 2.71 2.99
 1.90 1.68
 1.78 2.23
 1.64 1.33
 0.58 1.71
 1.55 1.04
 1.10 0.69
 0.74 0.14
 3.48 1.54
 1.25 1.10
 0.19 0.74
 0.73 0.45
 4.98 3.23
 1.80 1.25
 2.34 1.85
 0.46 0.19
 2.24 1.45
 0.78 1.20
 1.12 0.76
 0.37 0.48
 0.54 1.19
 0.71 0.74
 1.78 2.03
 0.99 1.52
 2.64 1.87
 1.54 0.91
 1.21 1.27
 0.36 0.81
 0.49 0.96
 1.33 1.29
 0.70 2.46
 2.04 2.86
 2.25 1.54
 2.91 1.82
 0.41 1.03
 0.39 0.49
 2.11 2.04
 2.48 1.68
 3.05 2.34
 2.36 2.63
 0.75 0.60
 1.89 1.43
 1.86 1.24
 0.33 0.46
 0.72 1.12
 0.60 1.01
 0.59 0.50
 3.56 2.76
 0.89 1.36
 1.52 1.35
 0.73 0.80
 0.71 2.06
 0.31 0.66
 2.54 2.56
 0.94 2.57
 0.71 0.51
 5.10 1.30
 1.08 1.12
 2.81 2.23
 1.03 1.37
 1.29 1.19
 1.58 1.43
 1.35 3.10
 0.10 4.85
 5.65 3.71
 1.25 3.39
 2.26 1.80
 0.92 1.52
 2.24 2.70
 2.34 3.61
 0.69 0.78
 0.92 0.90
 0.66 0.54
 2.32 1.45
 2.58 1.64
 0.90 0.48
 1.10 -4.37
 0.81 0.75
 1.22 1.29
 2.50 1.50
 0.57 1.30
 2.71 2.05
 0.36 1.17
 0.13 0.24
 0.67 2.28
 1.12 1.18
 3.31 3.18
 1.06 1.21
 0.41 1.85
 4.46 3.49
 1.44 1.87
 1.58 2.68
 1.21 1.16
 1.96 2.08
 1.32 1.55
 2.74 2.45
 0.53 1.00
 0.71 0.99
 0.35 0.99
 1.48 1.20
 1.96 2.11
 5.15 2.60
 3.60 3.04
 2.56 3.49
 0.92 1.26
 2.20 2.81
 1.08 1.49
 0.43 0.72
 2.73 2.72
 1.07 0.39
 0.18 0.88
 0.97 0.77
 0.48 0.68
 0.79 2.13
 0.80 1.19
 1.12 0.99
 1.42 0.84
 2.81 4.27
 2.71 2.06
 1.41 3.82
 2.15 1.72
 0.83 0.39
 1.18 0.70
 2.68 1.75
 0.18 0.65
 0.17 0.40
 0.38 1.35
 4.02 3.73
 4.22 2.68
 3.51 2.22
 1.16 0.96
 0.09 0.28
 0.87 3.27
 0.64 1.02
 1.86 1.53
 0.45 0.71
 0.68 1.33
 0.53 0.72
 0.19 0.30
 3.50 3.35
 0.28 1.15
 2.30 2.21
 2.01 1.67
 5.74 4.92
 0.36 0.93
 2.51 3.63
 4.70 3.40
 0.70 0.10
 0.34 0.56
 2.36 1.75
 1.62 1.02
 1.38 1.01
 2.91 2.69
 1.74 1.33
 0.91 0.90
 2.93 4.94
 2.21 1.92
 3.16 4.28
 0.74 1.27
 0.58 0.40
 1.47 1.16
 1.25 2.26
 0.73 0.70
 1.24 1.18
 0.35 0.42
 1.07 3.26
 0.89 0.65
 0.77 1.25
 0.95 0.43
 1.08 -0.08
 2.03 1.43
 3.31 2.23
 0.81 1.61
 6.44 3.72
 1.34 0.81
 0.80 0.75
 0.13 0.17
 1.59 2.05
 2.78 1.82
 0.46 0.79
 0.22 0.22
 2.90 3.41
 0.98 1.02
 2.21 1.65
 0.81 0.94
 2.14 1.87
 1.81 1.69
 1.74 1.54
 0.40 0.69
 2.81 2.90
 1.98 2.44
 0.37 0.72
 1.60 1.19
 2.63 2.88
 2.98 2.10
 5.39 4.19
 0.49 0.94
 3.49 3.29
 0.26 0.71
 0.32 0.96
 0.50 0.59
 0.75 1.03
 0.53 1.04
 0.20 0.93
 2.67 2.88
 0.31 1.05
 2.58 2.19
 1.76 1.34
 2.48 2.86
 2.74 2.18
 2.45 3.08
 1.16 1.27
 0.50 0.68
 1.99 1.98
 2.74 4.04
 0.80 1.05
 1.03 0.60
 0.67 0.81
 0.46 1.61
 2.28 1.44
 1.11 1.33
 0.41 1.13
 0.58 0.61
 0.87 1.36
 0.47 1.79
 0.32 0.10
 1.15 1.06
 0.66 0.97
 3.56 2.08
 0.32 0.83
 2.90 1.99
 3.04 2.03
 1.91 1.61
 1.93 1.58
 0.92 1.02
 0.70 0.95
 0.69 0.54
 0.08 -0.26
 0.47 0.60
 2.94 2.08
 0.41 0.94
 0.03 0.96
 0.33 0.59
 0.85 2.25
 0.73 1.08
 2.55 1.14
 1.09 0.95
 3.87 2.91
 0.45 0.35
 2.00 1.42
 0.83 0.92
 2.90 2.02
 0.05 0.24
 6.32 3.68
 0.26 1.54
 0.52 0.92
 2.43 2.15
 1.00 1.46
 0.94 0.81
 0.25 0.47
 0.78 0.32
 2.30 2.80
 1.10 0.79
 1.41 1.03
 0.99 0.87
 2.52 2.25
 0.49 0.87
 2.57 2.29
 0.78 3.90
 1.23 1.09
 0.17 0.91
 2.14 1.40
 1.79 1.55
 2.42 2.13
 0.87 0.98
 3.39 2.64
 3.73 4.15
 1.30 1.20
 2.73 2.72
 2.59 3.76
 0.63 1.11
 1.45 1.89
 0.80 1.49
 2.50 1.86
 1.96 1.70
 0.55 0.89
 1.01 1.29
 2.55 2.30
 0.30 0.63
 1.70 0.96
 0.91 0.98
 1.66 1.38
 2.31 2.59
 1.04 1.48
 0.96 0.72
 6.81 3.65
 0.40 0.58
 1.13 1.33
 0.93 0.53
 0.75 0.73
 0.81 0.84
 3.63 3.09
 0.81 0.91
 4.22 2.78
 0.20 0.88
 2.51 0.77
 0.47 1.63
 1.90 2.02
 0.49 0.78
 0.51 0.46
 0.22 -0.10
