 0.36 1.77
 1.57 1.81
 0.44 1.60
 1.13 0.74
 0.51 0.53
 0.58 1.78
 1.18 1.81
 0.62 0.59
 5.76 4.05
 2.48 2.41
 2.10 2.36
 0.70 0.52
 0.80 1.69
 0.83 0.59
 0.20 0.31
 0.69 0.63
 0.86 0.60
 2.79 1.71
 0.59 0.69
 2.53 1.90
 3.80 2.64
 2.31 1.37
 0.30 0.22
 1.70 1.67
 0.89 0.82
 1.56 1.41
 0.49 0.70
 0.62 0.68
 0.82 0.72
 2.68 2.17
 1.80 1.07
 2.82 2.36
 0.19 0.24
 0.39 1.01
 1.56 1.56
 3.67 2.63
 0.74 0.78
 1.98 1.53
 1.24 0.82
 2.33 2.65
 1.82 1.54
 3.17 3.47
 6.36 3.35
 1.89 1.61
 1.96 1.21
 4.20 3.23
 0.13 0.49
 0.33 0.66
 2.50 1.78
 0.76 1.07
 0.39 0.76
 0.87 1.46
 0.73 0.67
 1.62 1.22
 2.16 1.79
 2.01 2.39
 1.48 0.86
 1.37 2.78
 0.14 0.04
 1.62 1.36
 0.20 0.85
 0.55 0.90
 0.68 1.30
 3.22 1.97
 0.42 1.93
 0.60 1.57
 1.65 1.75
 1.04 1.36
 1.27 2.07
 1.31 1.55
 0.42 0.97
 0.76 0.64
 1.11 1.12
 1.38 1.85
 0.15 0.28
 1.20 1.84
 3.39 2.60
 0.64 1.16
 2.27 1.34
 0.43 0.55
 0.39 0.69
 0.43 0.85
 0.54 0.57
 0.48 0.89
 1.13 1.01
 0.20 1.39
 2.34 3.84
 0.59 1.30
 0.90 1.03
 0.79 0.99
 3.32 3.06
 0.95 0.60
 0.46 1.65
 0.71 0.36
 2.28 1.57
 3.14 2.43
 0.31 0.25
 0.94 3.09
 6.52 3.77
 0.48 1.41
 0.90 0.67
 0.69 0.70
 0.21 1.05
 2.51 1.21
 0.11 1.90
 3.74 2.93
 1.39 1.25
 0.54 1.03
 0.77 0.79
 1.70 1.50
 0.53 0.51
 3.06 2.50
 1.50 0.89
 2.70 3.40
 1.13 0.83
 0.72 1.10
 0.63 1.44
 1.68 2.91
 1.47 1.28
 2.74 2.50
 0.28 -0.10
 0.17 0.60
 0.44 0.52
 0.42 2.69
 1.09 2.19
 1.01 0.77
 0.11 0.84
 1.54 1.84
 1.63 1.19
 1.13 0.72
 1.69 0.72
 0.96 0.97
 0.20 0.69
 2.02 1.48
 2.67 2.02
 0.20 1.00
 0.08 1.91
 2.50 1.91
 0.05 0.68
 0.73 1.90
 0.83 1.09
 0.77 1.34
 2.29 1.90
 1.35 1.54
 3.48 1.99
 0.77 0.75
 0.43 0.10
 0.51 0.24
 0.80 0.39
 0.64 2.45
 0.37 0.25
 0.74 1.35
 0.41 0.87
 1.43 3.25
 1.42 0.94
 3.62 3.95
 1.03 1.50
 0.91 0.87
 0.46 0.58
 3.34 2.16
 2.52 2.41
 0.94 1.65
 0.45 0.48
 0.58 0.93
 0.90 1.56
 0.53 0.64
 0.47 0.20
 0.95 0.83
 0.76 1.16
 0.37 0.78
 1.45 0.94
 2.39 2.25
 2.71 2.68
 1.66 1.06
 2.77 2.50
 0.16 0.33
 4.38 2.61
 1.53 1.10
 1.83 2.49
 2.48 2.41
 5.57 4.10
 2.45 2.11
 0.45 1.73
 1.80 1.62
 1.65 1.21
 0.54 0.94
 0.97 1.32
 0.93 1.13
 0.08 1.91
 0.60 1.11
 2.94 3.63
 0.79 0.82
 0.11 0.43
 1.21 1.74
 0.65 1.09
 0.82 0.61
 0.63 2.26
 1.45 1.38
 0.96 1.09
 2.79 2.41
 0.44 1.25
 1.17 0.67
 1.40 2.00
 1.42 1.24
 1.61 1.02
 0.26 0.31
 0.43 0.77
 0.90 0.99
 1.82 1.64
 0.28 0.40
 0.35 1.40
 0.91 1.35
 4.55 3.72
 0.87 0.93
 0.30 1.20
 0.28 1.31
 0.65 0.50
 1.76 0.97
 1.59 1.26
 0.54 2.95
 3.10 2.33
 0.39 0.62
 0.37 1.18
 0.57 2.38
 0.09 0.18
 0.25 1.31
 1.28 1.12
 0.86 0.72
 1.49 0.05
 0.45 0.31
 3.07 2.99
 0.40 0.50
 0.48 0.70
 0.87 1.02
 0.26 1.66
 0.25 1.75
 0.76 0.91
 0.85 1.30
 0.80 1.56
 1.87 1.52
 0.38 0.43
 0.25 0.61
 1.18 0.75
 3.82 2.64
 0.69 1.12
 1.70 1.52
 2.43 1.05
 3.81 2.59
 0.56 0.74
 2.11 1.63
 1.65 1.36
 0.45 0.62
 0.32 0.52
 1.31 1.27
 5.92 3.98
 0.46 0.25
 0.53 0.58
 0.83 0.49
 0.83 0.65
 0.32 0.47
 0.25 0.39
 0.45 1.41
 0.95 1.24
 1.14 1.44
 0.74 0.45
 0.40 0.63
 1.56 0.81
 0.29 0.62
 0.94 1.84
 0.30 0.52
 0.11 0.38
 0.29 0.61
 0.37 0.89
 2.34 1.61
 2.58 1.91
 0.30 0.75
 1.81 1.09
 3.78 2.64
 0.73 0.52
 1.24 1.70
 0.81 0.93
 1.31 1.16
 0.65 1.46
 3.73 4.13
 3.91 3.21
 0.78 1.24
 1.16 1.34
 0.46 0.78
 0.26 2.06
 4.81 2.93
 3.34 3.03
 0.32 0.61
 0.25 0.79
 0.19 1.69
 0.61 0.51
 1.33 0.96
 0.77 1.95
 0.54 0.51
 0.70 1.68
 0.09 0.61
 1.46 1.49
 1.64 0.90
 0.74 0.97
 0.17 0.64
 0.62 0.73
 2.42 2.67
 1.76 1.99
 3.11 2.58
 1.52 0.97
 0.10 0.18
 0.68 1.35
 1.61 0.99
 0.71 0.63
 2.42 3.45
 0.11 0.36
 0.25 0.20
 3.31 3.24
 1.14 0.75
 2.61 2.41
 2.24 1.68
 0.31 0.92
 1.10 1.55
 1.06 0.43
 3.04 3.51
 0.34 0.58
 1.20 2.09
 0.23 0.41
 0.80 1.63
 0.51 1.40
 0.36 0.77
 6.04 4.51
 2.05 1.75
 0.30 0.92
 0.64 1.95
 1.11 0.67
 0.82 0.70
 1.71 1.60
 0.92 0.53
 1.88 1.70
 0.83 0.93
 0.66 1.03
 1.86 2.40
 1.36 1.15
 1.52 1.13
 1.01 1.66
 3.44 4.62
 0.47 0.96
 2.09 1.73
 1.30 1.79
 0.88 0.48
 0.78 0.93
 2.89 2.12
 1.00 1.25
 4.78 3.10
 3.38 1.95
 0.98 1.73
 3.05 2.54
 0.83 -0.13
 0.46 0.62
 0.12 0.36
 0.92 1.93
 0.93 2.23
 0.95 0.59
 0.75 1.83
 0.48 0.84
 0.49 0.81
 2.06 1.14
 2.95 1.81
 1.06 2.23
 1.00 2.21
 1.11 0.61
 1.78 1.01
 0.96 1.64
 0.32 0.76
 0.31 1.29
 0.54 1.09
 0.72 1.25
 0.67 1.39
 0.87 1.85
 0.51 0.93
 0.54 0.95
 2.00 1.14
 1.01 0.37
 0.63 1.52
 2.75 1.95
 0.57 0.72
 1.80 1.75
 1.13 0.87
 0.52 0.34
 0.51 1.07
 0.49 0.70
 0.68 1.23
 0.79 0.70
 1.57 1.71
 0.45 0.42
 0.40 1.79
 0.73 0.77
 1.15 1.27
 1.85 1.15
 0.59 0.59
 2.65 3.54
 0.54 0.57
 0.68 1.04
 2.28 1.63
 2.37 1.27
 1.68 2.05
 0.30 2.03
 2.81 2.44
 1.00 0.64
 0.73 3.84
 0.53 0.73
 5.03 3.63
 0.64 1.06
 0.49 0.14
 0.36 0.41
 0.43 0.66
 1.35 0.78
 0.50 1.50
 2.44 1.85
 0.87 0.68
 2.17 1.80
 1.76 1.18
 0.68 1.69
 0.72 0.67
 5.52 3.25
 0.71 0.72
 0.88 0.61
 0.46 1.25
 1.50 2.43
 0.31 1.50
 1.59 1.46
 0.31 0.45
 0.29 1.79
 0.47 0.80
 4.12 2.95
 0.20 0.26
 0.76 0.44
 0.84 0.51
 0.87 0.33
 1.52 1.76
 0.18 0.31
 1.29 1.08
 0.75 0.93
 0.82 0.68
 1.53 0.87
 0.15 1.21
 2.04 2.15
 0.96 1.00
 0.69 0.71
 2.80 3.04
 0.13 0.28
 2.68 2.42
 1.14 1.03
 1.27 1.42
 2.19 1.90
 0.58 0.92
 1.57 1.29
 0.22 1.03
 0.45 0.62
 0.87 1.00
 1.43 1.28
 1.12 1.65
 0.10 -0.17
 0.77 0.54
 0.81 0.91
 2.87 2.65
 0.93 0.93
 3.10 2.12
 1.10 0.84
 3.79 2.53
 1.43 0.84
 1.48 0.81
 1.03 0.67
 1.86 1.54
 0.58 1.29
 2.68 2.60
 2.69 1.66
 1.94 1.82
 1.08 0.96
 0.16 0.67
 0.68 1.74
 1.50 0.89
 2.78 1.70
 0.82 2.65
 1.63 0.90
 4.57 3.93
 2.02 1.15
 0.54 0.24
 0.87 1.33
 2.10 2.10
 0.32 1.02
 0.44 0.48
 0.80 0.66
 2.30 1.79
 0.15 0.52
 2.17 1.96
 3.00 2.90
 0.36 1.00
 2.18 2.74
 0.33 0.83
 5.74 4.44
 1.08 0.86
 1.32 1.07
 2.19 2.42
 1.75 1.43
 0.64 0.18
 2.53 1.03
 0.50 0.50
 0.66 1.25
 0.61 1.33
 2.01 1.69
 2.92 2.21
 2.41 1.91
 0.89 0.57
 0.51 1.45
 2.82 2.33
 1.50 0.90
 0.72 1.37
 0.37 0.52
 0.36 0.57
 2.39 3.77
 0.49 1.66
 2.62 1.75
 0.87 0.92
 1.40 0.68
 1.38 0.71
 0.46 1.00
 1.24 0.60
 1.14 0.84
 1.60 0.86
 0.18 0.44
 1.11 0.92
 1.56 0.96
 0.58 0.74
 5.53 3.09
 3.74 2.67
 0.94 0.67
 0.92 2.58
 0.77 1.38
 0.16 0.91
 1.58 1.36
 0.15 0.44
 0.71 1.33
 1.14 0.63
 1.46 1.03
 2.05 2.76
 1.54 0.68
 2.44 0.94
 1.98 1.87
 1.18 1.42
 1.78 2.47
 2.51 1.87
 1.01 1.31
 1.09 1.40
 0.22 0.48
 1.63 0.96
 1.18 1.01
 1.82 1.62
 0.73 0.42
 2.84 3.12
 0.46 1.03
 1.15 0.89
 1.26 1.04
 0.42 0.48
 2.96 1.19
 0.92 1.07
 0.42 0.62
 0.46 0.64
 0.19 -0.66
 1.67 1.43
 2.21 1.56
 2.72 1.68
 1.68 1.47
 0.91 0.80
 2.87 1.75
 0.75 0.64
 0.16 0.45
 0.80 1.34
 3.15 2.47
 1.28 2.80
 0.23 0.60
 0.93 0.82
 5.76 3.50
 0.15 0.52
 6.51 3.37
 1.14 1.64
 2.31 1.33
 5.46 3.58
 0.74 1.56
 0.75 0.78
 0.80 1.49
 0.50 0.91
 2.70 2.31
 0.61 1.46
 0.19 0.58
 0.21 1.75
 1.69 1.46
 1.06 0.88
 0.29 1.08
 1.17 1.93
 0.22 0.17
 0.63 0.88
 0.15 0.23
 1.51 0.95
 0.41 0.85
 1.11 1.25
 0.18 0.98
 0.85 1.04
 3.49 2.75
 0.75 1.03
 0.84 1.18
 2.09 1.80
 2.12 2.28
 0.23 1.22
 1.22 2.67
 0.28 0.27
 1.81 1.31
 0.74 1.49
 0.38 0.86
 0.86 2.26
 1.69 1.07
 0.31 1.49
 0.30 0.66
 4.34 3.26
 0.82 0.76
 0.22 0.36
 3.72 3.12
 1.73 0.71
 2.81 3.37
 1.46 0.64
 3.89 3.03
 1.19 0.65
 0.71 1.29
 1.07 3.22
 3.81 2.46
 0.94 0.65
 3.83 2.35
 4.23 2.68
 3.26 2.57
 1.08 1.18
 2.10 1.66
 1.27 0.75
 1.31 2.50
 0.73 1.06
 0.83 0.46
 0.85 0.90
 1.19 1.51
 1.49 1.42
 1.94 1.19
 3.10 2.94
 0.40 0.54
 2.84 2.82
 2.24 2.57
 0.37 1.07
 0.94 1.42
 1.96 2.67
 0.62 1.17
 1.65 1.69
 0.09 0.28
 2.10 1.77
 0.47 0.63
 0.73 0.02
 1.52 0.92
 2.00 1.45
 0.75 1.47
 0.33 0.70
 1.49 0.82
 1.59 0.92
 3.51 3.04
 0.35 0.87
 2.81 1.59
 1.41 1.61
 2.51 2.35
 1.64 1.67
 1.75 0.76
 0.20 -0.12
 3.45 2.06
 0.49 0.93
 0.87 0.76
 0.98 0.90
 0.80 1.48
 0.68 1.04
 0.16 1.16
 0.66 1.18
 0.32 0.41
 2.35 1.74
 0.81 0.96
 2.68 1.06
 0.29 0.62
 0.63 1.47
 0.98 0.73
 0.47 0.86
 1.46 0.83
 1.48 3.47
 2.00 1.35
 2.85 2.69
 0.38 0.34
 1.08 1.10
 0.97 1.08
 1.86 1.43
 4.08 3.93
 2.96 2.35
 0.67 0.94
 0.12 0.42
 1.86 1.28
 0.66 0.65
 0.51 1.29
 0.47 0.74
 2.09 2.02
 2.91 2.05
 1.69 1.35
 1.62 0.94
 1.10 1.08
 3.13 1.81
 1.48 1.49
 3.42 1.56
 0.45 1.99
 0.26 1.04
 0.91 1.01
 1.58 1.33
 1.14 2.13
 0.35 1.26
 6.68 3.94
 1.66 1.33
 2.74 1.82
 0.12 1.01
 2.57 2.27
 3.34 1.83
 2.18 1.96
 0.95 1.05
 0.89 0.73
 0.99 0.91
 1.34 1.11
 0.83 0.74
 0.95 1.86
 0.61 0.74
 1.94 1.57
 2.08 2.04
 2.84 2.14
 1.70 0.83
 0.38 0.53
 0.60 0.68
 2.20 1.82
 1.91 2.27
 2.16 1.17
 0.95 0.56
 3.16 1.75
 1.99 1.25
 0.24 1.66
 0.22 0.68
 2.14 1.16
 1.56 3.59
 1.02 0.61
 1.04 0.72
 2.18 1.38
 1.49 1.35
 1.85 1.24
 2.05 1.39
 0.28 1.97
 4.15 3.11
 0.24 0.09
 1.12 0.54
 1.93 1.12
 0.51 1.85
 2.29 1.33
 0.53 0.72
 1.29 1.94
 1.96 3.56
 1.24 0.93
 2.75 2.15
 1.42 1.23
 0.87 0.86
 1.37 0.91
 0.45 0.44
 2.78 1.34
 1.34 1.55
 0.71 1.20
 1.38 0.98
 0.49 0.46
 1.24 1.03
 0.62 0.93
 1.87 1.42
 0.49 0.58
 1.86 1.66
 1.38 1.51
 3.21 1.61
 1.71 1.26
 0.33 1.10
 1.75 1.43
 0.86 0.72
 1.73 1.55
 3.89 2.44
 0.91 0.76
 1.72 1.39
 0.41 2.76
 0.62 0.72
 1.61 1.68
 0.29 1.03
 3.48 3.54
 1.28 0.71
 0.47 0.16
 0.57 0.26
 1.20 0.83
 1.10 1.24
 1.36 1.15
 1.69 1.50
 0.63 0.88
 2.47 1.95
 0.56 1.43
 0.30 0.66
 2.28 1.74
 2.45 1.86
 0.84 1.37
 1.71 1.00
 2.33 1.02
 2.24 1.04
 2.10 1.47
 2.17 1.02
 2.14 1.36
 0.06 0.07
 2.13 1.49
 0.71 0.83
 0.54 0.77
 1.40 1.07
 0.29 0.76
 0.49 0.74
 0.57 0.54
 0.98 1.63
 2.70 2.14
 0.75 1.88
 2.29 1.10
 1.18 1.00
 3.03 3.16
 2.41 1.32
 1.07 1.63
 0.88 0.90
 0.59 0.92
 3.79 2.73
 0.14 0.43
 2.16 1.12
 0.54 0.49
 1.09 1.51
 0.47 0.66
 0.54 0.86
 2.00 1.25
 0.16 0.98
 2.62 3.54
 1.58 1.37
 0.43 0.52
 1.50 0.84
 0.46 1.58
 2.76 1.90
 1.88 2.12
 2.26 1.34
 2.45 1.89
 1.87 2.16
 1.28 0.84
 0.87 0.87
 1.05 1.25
 1.70 1.52
 0.80 0.98
 0.30 0.39
 2.84 2.23
 3.01 1.86
 0.18 1.07
 0.29 0.91
 0.31 0.58
 1.54 1.96
 0.56 0.87
 1.57 0.90
 1.45 1.01
 2.50 2.70
 0.66 0.94
 0.90 0.54
 1.23 0.61
 1.51 1.49
 4.27 3.51
 1.24 0.58
 1.49 1.30
 2.34 2.76
 1.17 1.21
 1.77 2.48
 0.22 0.63
 0.56 1.03
 0.20 0.80
 1.13 1.37
 1.93 1.66
 0.80 0.68
 2.04 1.77
 1.56 2.70
 1.51 1.18
 1.95 1.84
 2.41 1.55
 1.13 1.81
 1.92 2.04
 0.66 1.41
 3.63 3.18
 1.83 2.15
 0.52 0.21
 1.67 0.41
 2.23 1.60
 0.67 2.16
 0.21 0.05
 0.68 1.24
 2.67 2.03
 1.45 0.79
 0.11 0.39
 0.78 0.83
 0.97 0.85
 1.93 1.99
 1.78 1.69
 0.23 0.35
 4.73 3.18
 0.69 0.88
 1.49 0.99
 2.41 2.18
 3.15 2.05
 2.96 2.16
 0.57 0.99
 0.45 0.38
 1.43 1.76
 4.02 3.16
 3.17 2.44
 2.92 2.03
 0.62 1.30
 3.51 2.79
 1.22 1.42
 2.92 2.72
 0.62 0.66
 0.92 1.46
 1.20 0.53
 0.74 0.93
 1.42 0.71
 1.32 0.89
 3.01 2.51
 1.71 1.32
 0.33 0.15
 1.16 0.65
 0.45 0.78
 3.00 2.33
 0.14 0.39
 1.27 2.39
 0.51 0.80
 2.44 1.98
 0.27 0.10
 0.92 1.16
 0.09 0.87
 1.77 2.69
 0.29 0.51
 1.56 2.68
 0.99 0.96
 1.49 0.82
 0.97 1.09
 1.54 1.27
 0.77 0.63
 0.42 0.82
 1.48 0.81
 0.26 0.78
 1.49 0.90
 1.89 1.57
 2.32 3.51
 1.76 1.02
 3.02 2.34
 0.50 0.88
 0.15 0.35
 3.41 2.61
 1.71 2.20
 2.00 2.55
 1.07 3.11
 5.07 3.48
 3.02 1.99
 0.86 0.58
 1.18 0.68
 1.11 0.57
 2.45 1.71
 1.42 0.75
 1.25 2.85
 0.82 0.72
 2.57 2.15
 1.25 1.40
 1.08 2.20
 2.72 2.25
 0.69 0.48
 2.59 2.40
 0.97 0.78
 0.52 0.65
 0.20 0.11
 0.80 0.71
 0.38 0.31
 4.94 4.13
 2.10 1.23
 1.61 2.40
 1.27 2.53
 2.61 2.36
 0.95 1.17
 0.39 0.83
 1.13 1.55
 1.72 1.53
 0.40 0.78
 0.91 1.02
 2.31 2.15
 0.52 0.46
 1.26 1.00
 1.21 0.50
 1.71 2.20
 0.44 0.52
 1.14 0.62
 0.33 0.80
 1.95 0.92
 0.44 0.72
 1.19 1.44
 1.39 1.46
 0.55 0.17
 4.87 3.05
 2.82 3.05
 2.20 3.92
 5.02 3.72
 0.72 2.17
 0.78 0.65
 2.30 1.93
 0.92 0.80
 2.24 1.21
 2.65 1.16
 1.32 0.74
 2.87 2.57
 0.32 0.04
 0.08 -0.15
 2.24 1.91
 3.49 2.65
 3.04 2.24
 2.37 1.59
 1.24 1.29
 0.26 0.77
 0.45 0.54
 0.54 0.63
 1.24 1.20
 0.11 0.87
 1.11 0.42
 0.57 1.55
 1.79 2.96
 2.23 1.29
 0.95 1.40
 0.80 0.83
 0.42 0.51
 0.15 0.45
 0.47 0.60
 1.36 0.70
 1.58 1.88
 1.94 1.46
 0.51 0.70
 0.32 0.93
 0.92 1.06
 1.78 2.33
 0.35 0.56
 2.45 2.00
 2.64 3.35
 1.21 1.19
 2.56 1.71
 0.77 1.18
 1.28 1.51
 0.64 -0.65
 6.78 3.60
 2.42 1.84
 0.70 0.54
 0.46 0.84
 1.29 1.36
 1.39 0.83
 0.36 0.60
 0.47 3.02
 1.48 1.84
 0.31 0.63
 2.58 2.13
 0.66 1.12
 1.27 0.68
 2.18 1.50
 1.84 0.86
 1.16 0.76
 3.90 3.36
 0.47 1.66
 0.24 0.70
 0.24 1.40
 5.51 4.14
 0.35 0.63
 1.17 1.52
 0.94 1.88
 1.62 0.96
 2.20 2.16
 0.46 0.63
 1.11 1.18
 1.24 1.42
 1.03 1.24
 2.18 1.62
 0.81 0.84
 2.05 3.82
 2.42 2.40
 1.53 0.84
 0.95 0.72
 0.95 0.72
 1.62 0.80
 3.82 2.47
 2.63 2.70
 1.02 1.53
 1.79 1.86
 1.84 1.37
 0.86 1.04
 0.49 0.85
 0.23 0.09
 1.80 1.09
 3.25 2.69
 1.28 0.70
 1.32 1.03
 0.28 1.51
 2.98 2.10
 1.56 1.32
 0.94 2.88
 0.90 2.24
 0.45 0.75
 1.92 2.19
 1.01 0.82
 3.41 1.79
 1.51 1.28
 2.86 2.23
 2.25 1.19
 1.86 1.66
 1.30 1.42
 2.31 1.79
 0.71 3.20
 3.09 2.54
 0.81 0.70
 0.80 0.79
 1.48 1.08
 0.10 0.33
 2.85 3.07
 0.17 1.11
 0.66 0.70
 0.40 1.92
 1.44 1.42
 1.01 0.28
 2.32 2.86
 0.82 0.97
 0.60 0.39
 3.98 2.69
 1.74 1.47
 0.07 0.51
 1.94 1.00
 0.35 0.34
 6.83 3.54
 3.84 3.82
 0.44 1.21
 2.21 1.53
 1.25 2.06
 2.85 2.22
 1.09 0.75
 1.46 1.20
 1.33 1.08
 2.41 2.43
 1.81 1.27
 1.22 1.81
 1.30 0.90
 0.56 0.79
 3.01 2.35
 0.52 1.91
 0.41 0.38
 0.81 0.90
 2.20 1.45
 0.70 1.74
 0.35 0.88
 0.88 1.29
 0.46 1.06
 1.60 1.76
 2.11 0.99
 0.43 0.85
 2.21 1.55
 0.15 0.26
 2.14 1.54
 2.95 2.39
 1.30 0.73
 3.37 2.63
 0.55 1.05
 2.02 1.34
 2.64 1.63
 0.68 0.46
 2.93 2.27
 0.29 0.78
 1.46 1.84
 2.93 2.71
 1.50 1.54
 1.30 1.28
 4.30 3.17
 1.16 0.84
 0.38 0.45
 2.43 1.80
 2.35 2.07
 0.16 0.27
 0.58 0.88
 0.35 0.68
 2.16 1.42
 1.56 1.38
 0.74 1.60
 0.36 0.95
 2.00 1.49
 1.89 1.29
 0.91 1.01
 2.07 1.72
 2.26 3.66
 2.71 2.44
 1.13 1.20
 5.42 4.42
 1.71 1.50
 3.15 2.42
 3.42 2.97
 4.49 2.76
 2.95 1.86
 0.86 0.90
 0.44 0.49
 1.16 1.12
 1.33 1.41
 0.47 0.87
 1.10 0.80
 0.63 1.06
 0.89 2.21
 1.29 0.73
 0.92 1.20
 0.97 1.48
 1.04 1.53
 2.32 1.86
 2.78 2.23
 1.90 2.05
 0.80 1.00
 1.07 0.78
 0.55 0.66
 0.83 1.40
 0.44 0.58
 0.73 1.30
 0.41 0.66
 0.58 0.78
 0.70 1.36
 0.73 1.23
 2.53 2.49
 0.13 0.87
 1.17 0.92
 0.91 0.60
 0.68 -0.01
 0.70 1.17
 1.62 1.13
 0.66 1.28
 1.04 1.03
 2.74 1.30
 0.79 0.49
 0.80 0.87
 2.73 1.77
 2.90 2.51
 2.48 1.48
 1.03 0.76
 1.26 1.02
 0.37 1.28
 0.73 0.43
 0.65 0.54
 1.08 1.44
 4.19 2.85
 3.08 2.21
 0.87 0.86
 4.15 4.94
 0.71 0.77
 0.46 0.66
 3.52 2.53
 3.15 2.35
 2.09 1.53
 0.71 1.17
 0.36 0.92
 3.08 2.35
 0.48 0.28
 1.66 1.74
 0.44 1.83
 3.15 2.33
 1.15 2.46
 1.56 1.99
 1.37 1.62
 0.98 3.04
 1.07 2.04
 0.51 1.86
 3.11 2.92
 0.78 1.19
 0.28 0.88
 1.12 0.79
 0.91 0.96
 1.28 1.60
 1.10 1.02
 0.43 0.29
 2.19 2.35
 2.67 1.91
 1.13 2.29
 0.23 0.95
 0.61 1.38
 2.57 2.17
 0.51 0.58
 4.33 3.00
 0.33 1.01
 1.86 1.92
 0.50 1.49
