 0.87 0.86
 3.18 3.10
 0.65 0.63
 1.09 1.05
 1.28 1.27
 1.00 1.01
 0.38 0.40
 0.72 0.69
 1.01 0.97
 0.29 0.35
 1.58 1.55
 0.56 0.54
 1.07 1.02
 1.92 1.94
 0.73 0.72
 0.43 0.43
 0.86 0.86
 0.79 0.80
 1.00 1.00
 2.40 2.39
 1.52 1.57
 2.31 2.32
 0.30 0.29
 0.09 0.15
 5.58 5.57
 1.04 0.99
 1.57 1.57
 0.70 0.72
 0.33 0.32
 1.97 1.94
 4.98 4.91
 1.17 1.15
 0.76 0.82
 0.36 0.37
 3.01 3.01
 1.29 1.25
 2.02 2.04
 0.78 0.75
 0.45 0.43
 0.38 0.36
 0.36 0.41
 1.88 1.89
 0.71 0.69
 1.89 1.90
 2.04 2.03
 1.62 1.63
 3.79 3.82
 1.46 1.48
 1.01 1.00
 2.27 2.27
 0.67 0.65
 2.21 2.21
 0.53 0.52
 0.87 0.84
 1.00 1.00
 1.44 1.45
 1.48 1.49
 2.99 3.02
 1.82 1.85
 1.09 1.06
 1.75 1.76
 1.49 1.50
 2.36 2.36
 0.70 0.68
 0.42 0.42
 0.53 0.49
 0.29 0.31
 2.79 2.84
 3.92 3.98
 0.25 0.37
 1.94 1.93
 1.91 1.95
 2.16 2.17
 0.46 0.47
 2.05 2.06
 0.39 0.40
 1.28 1.27
 1.42 1.42
 0.75 0.72
 1.15 1.10
 0.99 0.99
 1.96 1.84
 0.60 0.59
 1.02 1.03
 1.27 1.29
 0.73 0.71
 0.82 0.79
 0.59 0.57
 2.15 2.17
 1.09 1.05
 2.08 2.09
 0.70 0.73
 1.07 1.08
 0.71 0.68
 0.25 0.30
 3.38 3.34
 1.85 1.86
 0.63 0.60
 0.21 0.28
 0.94 0.95
 0.63 0.61
 1.71 1.70
 0.44 0.44
 0.57 0.56
 0.47 0.48
 1.48 1.50
 0.76 0.74
 0.43 0.44
 6.68 6.37
 3.81 3.82
 0.82 0.83
 0.42 0.41
 2.54 2.62
 1.03 1.02
 0.51 0.51
 0.77 0.74
 1.15 1.14
 3.34 3.35
 0.02 0.08
 1.19 1.14
 1.34 1.35
 2.69 2.67
 2.93 2.96
 0.01 0.16
 1.09 1.03
 0.20 0.30
 0.94 0.89
 0.70 0.70
 1.71 1.68
 3.96 4.01
 0.69 0.64
 1.77 1.78
 0.39 0.42
 1.89 1.90
 1.08 1.00
 2.52 2.52
 0.82 0.80
 1.25 1.26
 3.41 3.43
 1.61 1.61
 2.33 2.35
 0.90 0.83
 2.29 2.31
 0.90 0.86
 2.75 2.77
 0.39 0.40
 0.92 0.87
 0.52 0.53
 1.57 1.56
 0.13 0.10
 0.10 0.11
 1.36 1.35
 0.97 0.95
 1.01 1.00
 0.69 0.69
 1.10 1.03
 2.60 2.63
 1.06 1.02
 0.66 0.64
 0.92 0.88
 0.94 0.92
 1.02 0.97
 0.82 0.80
 0.43 0.51
 3.61 3.66
 0.51 0.51
 0.75 0.74
 1.22 1.20
 0.75 0.72
 0.56 0.54
 2.59 2.62
 4.99 5.01
 2.15 2.18
 1.20 1.19
 1.92 1.94
 0.54 0.53
 1.25 1.24
 0.17 0.29
 2.85 2.86
 0.13 0.11
 1.08 1.20
 0.80 0.74
 1.15 1.17
 1.16 1.16
 0.73 0.72
 2.22 2.24
 1.52 1.50
 1.20 1.13
 0.59 0.56
 0.19 0.15
 0.56 0.53
 0.46 0.45
 0.31 0.32
 0.46 0.46
 0.43 0.42
 0.08 0.19
 0.22 0.37
 1.56 1.56
 3.56 3.53
 1.73 1.76
 1.24 1.17
 2.71 2.76
 0.38 0.39
 0.49 0.48
 0.98 0.94
 2.95 2.96
 0.68 0.67
 2.48 2.48
 0.29 0.35
 1.35 1.36
 2.16 2.18
 0.58 0.57
 4.29 4.26
 1.85 1.86
 0.83 0.81
 0.28 0.33
 1.78 1.78
 0.25 0.33
 3.70 3.68
 3.16 3.21
 1.28 1.26
 0.51 0.49
 0.18 0.19
 0.19 0.30
 0.64 0.61
 1.00 1.00
 5.22 5.14
 1.55 1.56
 0.83 0.84
 0.97 0.92
 4.12 4.13
 0.26 0.21
 0.60 0.58
 0.29 0.35
 2.84 2.87
 0.98 0.91
 2.16 2.14
 2.02 2.01
 0.23 0.32
 1.08 1.08
 0.03 0.08
 0.61 0.65
 0.19 0.29
 0.93 0.91
 0.51 0.50
 1.02 0.98
 1.43 1.42
 3.27 3.24
 0.49 0.51
 0.35 0.38
 0.90 0.86
 2.76 2.77
 1.72 1.71
 0.37 0.38
 0.75 0.71
 0.68 0.68
 0.44 0.45
 0.33 0.35
 0.46 0.46
 1.30 1.26
 1.20 1.17
 0.97 0.96
 0.20 0.23
 0.18 0.26
 1.13 1.16
 0.91 0.89
 3.94 3.92
 6.52 6.69
 1.35 1.33
 0.25 0.24
 0.26 0.23
 0.41 0.48
 4.13 4.11
 0.13 0.14
 0.21 0.30
 2.34 2.33
 2.03 2.02
 4.88 4.80
 3.46 3.49
 0.28 0.30
 0.15 0.12
 0.31 0.33
 0.52 0.62
 1.60 1.54
 3.16 3.12
 1.10 1.11
 0.30 0.30
 2.27 2.28
 1.27 1.28
 1.07 1.05
 0.02 0.07
 3.10 3.05
 1.58 1.59
 0.31 0.32
 2.06 2.09
 1.77 1.77
 2.95 2.92
 0.44 0.44
 2.51 2.52
 0.82 0.82
 0.88 0.90
 3.28 3.24
 0.74 0.74
 0.38 0.35
 0.58 0.57
 0.91 0.89
 2.06 2.07
 1.05 1.08
 0.91 0.89
 1.30 1.25
 0.83 0.78
 3.32 3.32
 0.24 0.30
 0.59 0.57
 0.27 0.29
 1.68 1.71
 3.39 3.41
 0.67 0.66
 0.66 0.64
 2.24 2.25
 2.19 2.17
 2.72 2.73
 2.16 2.18
 0.61 0.62
 0.59 0.63
 0.35 0.35
 0.70 0.69
 2.59 2.60
 0.37 0.36
 1.41 1.41
 2.09 2.08
 0.76 0.74
 0.65 0.63
 1.10 1.11
 2.44 2.46
 2.89 2.89
 1.76 1.78
 1.81 1.80
 1.34 1.36
 2.75 2.77
 1.85 1.84
 0.70 0.65
 1.54 1.52
 4.85 4.50
 0.82 0.83
 1.02 1.05
 0.46 0.45
 1.11 1.10
 1.12 1.11
 1.34 1.30
 0.26 0.30
 0.71 0.68
 4.42 4.40
 1.00 0.96
 1.56 1.57
 0.77 0.73
 0.12 0.07
 0.49 0.47
 0.24 0.26
 0.68 0.69
 0.39 0.40
 0.93 0.88
 1.33 1.34
 2.58 2.59
 0.91 0.85
 1.44 1.46
 0.77 0.74
 0.80 0.79
 0.90 0.85
 0.79 0.77
 1.02 0.99
 0.51 0.50
 1.10 1.10
 1.48 1.50
 0.36 0.39
 1.29 1.29
 1.87 1.89
 1.05 1.02
 4.29 4.27
 0.96 0.94
 1.68 1.70
 0.73 0.71
 0.53 0.52
 0.64 0.64
 0.52 0.53
 0.26 0.31
 0.47 0.49
 0.37 0.36
 0.09 0.08
 0.45 0.44
 3.25 3.25
 2.19 2.23
 0.72 0.71
 3.98 4.01
 1.63 1.65
 0.48 0.47
 0.22 0.28
 0.76 0.77
 2.46 2.45
 0.59 0.58
 1.15 1.14
 3.15 3.17
 0.08 0.08
 0.39 0.39
 4.46 4.50
 2.17 2.18
 0.77 0.73
 1.03 0.99
 0.12 0.13
 3.28 3.28
 1.09 1.04
 1.08 1.06
 1.29 1.28
 6.78 6.78
 5.00 4.97
 0.10 0.09
 0.60 0.61
 1.16 1.06
 0.67 0.67
 1.45 1.47
 0.40 0.41
 0.65 0.67
 0.80 0.77
 3.83 3.80
 0.80 0.81
 2.88 2.92
 0.38 0.39
 2.60 2.63
 0.21 0.29
 2.97 2.98
 0.83 0.84
 3.26 3.22
 0.62 0.58
 1.81 1.81
 0.77 0.76
 3.50 3.50
 0.37 0.38
 0.69 0.66
 2.22 2.22
 0.95 0.98
 1.25 1.27
 0.56 0.55
 0.91 0.90
 1.13 1.14
 1.09 1.11
 1.15 1.16
 0.37 0.38
 0.96 0.97
 0.69 0.67
 0.43 0.43
 2.22 2.26
 1.28 1.24
 1.06 1.06
 1.68 1.67
 1.97 1.99
 3.15 3.17
 0.52 0.51
 1.26 1.27
 1.24 1.26
 1.16 1.14
 0.88 0.89
 2.56 2.46
 1.59 1.58
 1.79 1.80
 0.42 0.38
 0.92 0.92
 0.79 0.76
 0.50 0.51
 3.84 3.82
 1.45 1.53
 1.41 1.42
 0.21 0.20
 2.12 2.11
 1.51 1.51
 0.72 0.73
 0.21 0.23
 2.20 2.18
 0.81 0.80
 1.70 1.67
 1.18 1.18
 2.47 2.51
 3.01 3.03
 0.91 0.89
 0.93 0.93
 2.76 2.78
 0.17 0.25
 0.89 0.84
 1.36 1.39
 1.43 1.40
 0.56 0.53
 3.03 3.03
 1.61 1.63
 0.55 0.51
 2.28 2.31
 0.41 0.42
 0.39 0.39
 0.23 0.34
 0.69 0.67
 2.56 2.55
 4.84 4.79
 3.17 3.22
 0.57 0.55
 2.30 2.32
 2.18 2.18
 0.33 0.42
 0.60 0.59
 3.12 3.18
 0.16 0.17
 0.80 0.77
 0.69 0.65
 0.24 0.25
 1.42 1.44
 1.46 1.45
 0.26 0.31
 1.10 1.07
 1.29 1.28
 0.30 0.29
 1.41 1.41
 2.18 2.16
 2.76 2.77
 0.72 0.69
 5.48 5.43
 1.47 1.42
 0.96 0.93
 1.33 1.33
 3.12 3.23
 1.24 1.23
 0.85 0.81
 1.14 1.13
 2.69 2.69
 0.60 0.57
 0.88 0.84
 0.27 0.28
 3.77 3.74
 0.94 0.94
 1.24 1.19
 2.11 2.16
 1.18 1.16
 3.31 3.29
 0.50 0.47
 1.16 1.16
 2.10 2.06
 1.41 1.41
 0.79 0.78
 0.18 0.21
 0.56 0.57
 3.18 3.06
 1.11 1.10
 1.60 1.60
 1.03 1.03
 1.51 1.52
 1.69 1.73
 0.47 0.46
 0.31 0.37
 1.62 1.67
 0.08 0.08
 0.67 0.64
 0.46 0.48
 2.65 2.66
 2.26 2.23
 1.24 1.15
 4.42 4.41
 1.48 1.49
 0.49 0.56
 2.98 2.94
 0.63 0.61
 0.50 0.50
 0.77 0.74
 2.19 2.21
 2.07 2.07
 3.31 3.30
 0.23 0.23
 0.67 0.65
 2.38 2.40
 1.57 1.54
 0.29 0.36
 0.93 0.92
 1.98 1.99
 3.35 3.38
 1.04 1.05
 0.47 0.44
 3.34 3.36
 2.51 2.52
 0.48 0.47
 0.52 0.47
 0.47 0.50
 0.91 0.89
 0.16 0.16
 0.19 0.24
 4.85 4.85
 4.99 5.02
 3.94 3.95
 0.75 0.73
 2.67 2.71
 0.37 0.37
 2.46 2.48
 2.84 2.86
 2.81 2.78
 3.31 3.31
 0.42 0.41
 1.34 1.32
 2.30 2.29
 4.03 4.04
 0.77 0.75
 0.73 0.72
 3.12 3.15
 0.69 0.67
 1.56 1.57
 1.50 1.43
 1.24 1.25
 2.29 2.29
 0.06 0.04
 1.24 1.25
 1.98 1.99
 0.36 0.36
 0.94 0.93
 0.39 0.45
 2.15 2.15
 0.72 0.73
 1.60 1.60
 0.52 0.51
 2.37 2.37
 1.05 1.03
 1.61 1.59
 3.61 3.60
 1.56 1.50
 0.68 0.66
 0.83 0.81
 3.57 3.56
 0.30 0.33
 1.20 1.14
 4.20 4.23
 5.24 5.20
 0.34 0.36
 0.46 0.45
 4.07 4.04
 1.00 1.02
 3.17 3.17
 3.82 3.84
 1.17 1.18
 0.68 0.64
 3.86 3.87
 0.46 0.46
 0.42 0.47
 1.28 1.29
 1.26 1.26
 2.51 2.51
 0.01 0.04
 0.60 0.57
 0.19 0.27
 1.33 1.33
 2.34 2.34
 1.49 1.51
 2.20 2.20
 4.98 5.03
 2.15 2.13
 0.94 0.89
 0.89 0.82
 1.69 1.66
 0.40 0.40
 0.45 0.41
 3.32 3.34
 0.58 0.57
 0.84 0.82
 1.17 1.19
 0.58 0.57
 0.54 0.52
 0.92 0.94
 0.70 0.69
 1.81 1.82
 3.80 3.81
 1.71 1.72
 4.46 4.47
 1.27 1.27
 1.28 1.30
 2.48 2.51
 0.71 0.66
 0.13 0.16
 0.23 0.26
 1.16 1.10
 0.82 0.77
 1.27 1.27
 0.96 0.96
 0.88 0.83
 0.92 0.89
 1.23 1.26
 0.37 0.35
 2.26 2.26
 0.49 0.49
 0.88 0.89
 1.59 1.60
 2.75 2.74
 0.96 1.02
 1.27 1.27
 1.09 1.14
 0.53 0.53
 0.37 0.37
 0.88 0.88
 0.90 0.87
 0.49 0.49
 2.20 2.20
 0.65 0.63
 0.50 0.49
 1.32 1.32
 3.02 3.02
 0.94 0.93
 1.30 1.34
 2.02 2.05
 1.93 1.93
 0.91 0.90
 0.45 0.44
 0.28 0.34
 4.81 4.75
 2.27 2.26
 1.10 1.08
 1.33 1.31
 0.95 0.88
 1.76 1.75
 0.58 0.55
 0.92 0.92
 0.79 0.76
 1.78 1.78
 1.10 1.08
 1.60 1.63
 2.70 2.69
 0.27 0.29
 1.57 1.60
 0.55 0.54
 0.43 0.40
 1.23 1.24
 3.81 3.86
 0.27 0.32
 1.44 1.40
 0.21 0.34
 1.68 1.70
 0.48 0.45
 1.57 1.60
 2.12 2.13
 0.62 0.61
 2.45 2.45
 1.10 1.07
 2.95 2.92
 3.63 3.66
 1.54 1.54
 0.27 0.32
 2.36 2.35
 2.10 2.11
 0.95 0.91
 1.13 1.14
 1.65 1.63
 2.68 2.64
 0.92 0.89
 1.46 1.46
 2.06 2.09
 3.33 3.36
 1.54 1.52
 3.09 3.07
 1.86 1.88
 1.83 1.84
 0.62 0.59
 1.99 1.99
 1.74 1.76
 0.33 0.36
 0.62 0.62
 0.42 0.43
 2.80 2.78
 1.77 1.74
 0.25 0.26
 1.68 1.69
 1.65 1.67
 5.12 5.11
 2.60 2.59
 1.46 1.45
 4.46 4.51
 0.77 0.77
 1.05 1.01
 0.18 0.19
 1.94 1.93
 1.09 1.15
 0.37 0.43
 0.87 0.84
 0.75 0.72
 1.86 1.87
 0.35 0.36
 1.02 0.97
 4.94 4.87
 2.22 2.23
 1.06 1.05
 0.70 0.65
 1.00 0.98
 0.42 0.39
 0.20 0.31
 0.07 0.09
 1.11 1.11
 2.35 2.30
 1.36 1.39
 3.01 3.03
 0.92 0.89
 3.86 3.84
 1.26 1.20
 1.10 1.12
 0.86 0.82
 0.43 0.47
 2.26 2.31
 1.72 1.73
 3.52 3.52
 1.96 1.89
 0.94 0.91
 0.68 0.69
 0.44 0.44
 0.48 0.46
 3.03 3.07
 3.59 3.56
 1.08 1.02
 2.33 2.31
 0.79 0.80
 0.02 0.14
 1.89 1.88
 0.58 0.57
 0.18 0.21
 2.13 2.13
 0.94 0.88
 0.29 0.33
 1.01 1.02
 0.81 0.78
 1.86 1.86
 1.01 1.03
 0.67 0.64
 0.70 0.67
 0.70 0.68
 1.29 1.28
 2.05 2.07
 2.66 2.67
 0.04 0.11
 2.07 2.09
 1.46 1.47
 0.91 0.87
 0.73 0.68
 1.62 1.61
 2.33 2.34
 0.75 0.74
 0.94 0.93
 0.32 0.33
 0.73 0.72
 0.48 0.46
 5.49 5.46
 0.49 0.41
 1.86 1.88
 0.77 0.77
 0.20 0.18
 2.73 2.71
 1.64 1.65
 2.62 2.59
 3.73 3.72
 0.92 0.92
 0.27 0.35
 2.76 2.77
 0.98 0.93
 1.53 1.54
 0.90 0.90
 2.85 2.84
 0.23 0.29
 1.43 1.40
 0.99 1.00
 2.20 2.19
 1.41 1.42
 1.07 1.06
 0.32 0.32
 0.50 0.48
 0.56 0.55
 0.50 0.50
 2.54 2.56
 1.48 1.42
 0.55 0.54
 0.90 0.88
 0.82 0.81
 0.27 0.32
 0.62 0.62
 1.20 1.20
 0.72 0.73
 1.17 1.18
 0.88 0.87
 3.89 3.94
 2.51 2.55
 0.11 0.14
 0.07 0.12
 0.68 0.68
 2.47 2.49
 0.28 0.26
 1.17 1.06
 1.98 1.99
 1.95 1.95
 3.05 3.05
 3.86 3.83
 0.55 0.55
 5.42 5.48
 1.38 1.31
 2.41 2.41
 0.75 0.73
 0.24 0.27
 0.29 0.25
 3.02 2.90
 2.40 2.38
 2.64 2.69
 3.06 3.05
 0.78 0.73
 0.70 0.67
 2.64 2.62
 1.74 1.74
 1.93 1.93
 1.09 1.08
 1.76 1.77
 1.43 1.45
 2.18 2.19
 2.81 2.81
 0.57 0.61
 0.10 0.14
 0.87 0.88
 0.51 0.50
 0.89 0.88
 1.27 1.27
 4.65 4.64
 1.65 1.65
 1.29 1.28
 2.70 2.69
 1.71 1.72
 1.22 1.18
 2.02 1.94
 3.44 3.41
 0.77 0.74
 4.82 4.78
 0.76 0.73
 2.28 2.27
 1.04 0.96
 0.53 0.52
 3.57 3.53
 2.24 2.25
 0.15 0.17
 0.33 0.37
 0.85 0.83
 1.91 1.92
 0.87 0.83
 0.75 0.73
 0.46 0.45
 0.28 0.31
 1.08 1.00
 2.08 2.08
 2.60 2.64
 0.41 0.40
 1.99 1.97
 0.28 0.34
 0.48 0.45
 1.16 1.09
 1.20 1.21
 2.75 2.78
 0.81 0.81
 0.36 0.39
 1.22 1.19
 0.64 0.71
 0.70 0.71
 2.87 2.84
 1.59 1.56
 1.57 1.54
 3.69 3.70
 1.57 1.57
 2.32 2.30
 0.32 0.33
 0.24 0.26
 1.38 1.36
 1.53 1.55
 2.40 2.40
 0.81 0.81
 1.28 1.29
 0.95 0.89
 3.17 3.08
 0.30 0.36
 1.18 1.19
 0.12 0.16
 0.45 0.46
 1.52 1.53
 3.35 3.34
 2.72 2.74
 0.97 0.92
 2.61 2.62
 0.95 0.95
 0.24 0.26
 1.81 1.81
 1.35 1.33
 0.21 0.20
 1.60 1.55
 0.78 0.72
 1.61 1.57
 0.92 0.85
 1.07 0.99
 2.74 2.80
 2.83 2.82
 1.36 1.37
 1.53 1.51
 0.19 0.18
 0.47 0.46
 0.12 0.11
 1.11 1.06
 0.64 0.62
 2.36 2.38
 2.76 2.77
 0.97 0.91
 0.43 0.42
 1.12 1.14
 0.63 0.60
 5.29 5.34
 0.37 0.35
 0.23 0.21
 2.92 2.94
 4.94 5.00
 0.30 0.31
 0.90 0.90
 0.16 0.16
 0.25 0.19
 2.13 2.14
 0.42 0.41
 0.63 0.63
 0.35 0.35
 1.43 1.43
 1.73 1.73
 1.68 1.70
 1.02 1.04
 0.50 0.48
 0.95 0.94
 0.97 0.97
 1.52 1.52
 0.95 0.96
 1.65 1.65
 2.11 2.12
 1.62 1.62
 1.33 1.34
 1.14 1.12
 0.88 0.82
 1.42 1.44
 1.52 1.55
 1.03 1.03
 2.43 2.44
 0.30 0.32
 0.67 0.67
 2.62 2.65
 1.71 1.72
 3.23 3.27
 1.40 1.43
 2.52 2.51
 0.55 0.53
 0.39 0.41
 1.84 1.78
 1.30 1.28
 0.84 0.80
 0.37 0.35
 3.54 3.59
 1.18 1.16
 0.66 0.66
 0.33 0.33
 3.78 3.81
 1.19 1.22
 2.44 2.44
 0.75 0.70
 0.69 0.63
 0.77 0.74
 0.53 0.53
 3.87 3.90
 2.14 2.16
 3.61 3.65
 1.63 1.60
 0.26 0.27
 0.60 0.58
 0.65 0.62
 0.90 0.92
 0.42 0.44
 1.08 1.03
 1.15 1.11
 0.50 0.49
 2.25 2.26
 0.69 0.66
 0.55 0.58
 1.25 1.24
 0.67 0.65
 1.00 1.01
 4.87 4.86
 1.15 1.14
 2.98 2.99
 1.29 1.31
 1.40 1.43
 1.11 1.11
 1.16 1.15
 1.06 1.06
 1.96 1.98
 1.12 1.12
 0.24 0.26
 6.32 6.25
 0.08 0.15
 0.44 0.44
 1.64 1.64
 4.51 4.48
 0.92 0.92
 0.24 0.20
 1.02 1.03
 1.37 1.40
 0.49 0.48
 1.13 1.14
 1.42 1.44
 0.73 0.73
 0.46 0.46
 1.15 1.13
 0.17 0.25
 1.86 1.85
 0.76 0.75
 0.16 0.19
 1.90 1.91
 0.91 0.92
 0.85 0.85
 0.18 0.23
 1.10 1.06
 2.80 2.82
 5.92 5.92
 0.55 0.54
 0.83 0.82
 0.66 0.64
 1.04 1.05
 2.59 2.58
 2.27 2.28
 0.97 0.96
 1.45 1.46
 1.21 1.17
 3.50 3.50
 1.14 1.13
 0.67 0.64
 0.37 0.36
 1.50 1.52
 1.96 1.97
 2.43 2.42
 1.89 1.92
 2.05 1.99
 0.80 0.76
 2.24 2.19
 1.64 1.62
 1.68 1.68
 1.52 1.54
 1.80 1.76
 1.40 1.40
 3.30 3.34
 1.58 1.59
 0.53 0.52
 0.71 0.70
 1.25 1.19
 1.02 1.02
 0.97 0.96
 1.36 1.34
 0.99 0.97
 0.57 0.57
 0.40 0.42
 3.78 3.78
 0.87 0.86
 6.83 7.04
 1.01 1.02
 1.94 1.96
 0.89 0.89
 0.88 0.84
 3.50 3.48
 0.35 0.36
 0.82 0.78
 2.61 2.63
 0.47 0.52
 1.39 1.40
 4.07 3.97
 3.61 3.57
 0.23 0.23
 0.52 0.53
 0.82 0.81
 0.53 0.54
 0.78 0.76
 3.05 2.99
 1.86 1.86
 1.95 1.96
 0.40 0.39
 2.32 2.31
 0.86 0.84
 0.53 0.53
 0.92 0.87
 1.02 1.03
 0.68 0.67
 0.99 0.95
 1.45 1.50
 0.79 0.79
 2.48 2.49
 0.58 0.57
 2.43 2.44
 0.29 0.30
 0.14 0.22
 0.72 0.69
 1.30 1.32
 0.49 0.48
 0.94 0.95
 0.42 0.42
 2.05 2.06
 0.64 0.63
 0.72 0.70
 0.18 0.23
 0.72 0.67
 0.44 0.45
 0.24 0.35
 1.50 1.48
 0.88 0.86
 1.28 1.30
 0.38 0.36
 0.48 0.49
 0.75 0.70
 0.41 0.46
 0.97 0.94
 1.25 1.23
 1.32 1.21
 1.45 1.42
 1.54 1.42
 0.47 0.45
 3.41 3.38
 1.05 1.00
 3.19 3.22
 2.66 2.69
 1.58 1.55
 3.37 3.38
 0.84 0.81
 3.80 3.72
 0.98 0.97
 0.71 0.69
 0.78 0.76
 2.14 2.14
 0.55 0.54
 0.80 0.76
 0.92 0.92
 3.01 3.03
 3.02 3.07
 3.28 3.27
 2.12 2.08
 5.39 5.28
 0.77 0.73
 0.55 0.52
 0.93 0.87
 0.51 0.49
 2.37 2.43
 0.61 0.60
 0.46 0.53
 2.75 2.75
 2.46 2.45
 0.79 0.78
 1.20 1.15
 0.45 0.45
 0.71 0.71
 2.37 2.36
 0.35 0.34
 0.59 0.58
 0.25 0.28
 0.39 0.41
 0.12 0.09
 0.71 0.70
 1.69 1.69
 4.08 4.06
 0.49 0.50
 0.76 0.75
 2.69 2.69
 3.52 3.53
 2.40 2.38
 3.15 3.16
 0.69 0.66
 3.82 3.85
 3.53 3.52
 0.80 0.76
 2.69 2.71
 2.00 2.01
 6.07 6.04
 4.11 4.12
 1.61 1.63
 1.00 0.99
 0.93 0.91
 1.48 1.45
 0.47 0.42
 0.82 0.81
 0.19 0.32
 2.51 2.53
 2.52 2.56
 2.81 2.85
 1.72 1.78
 1.23 1.22
 1.12 1.13
 2.89 2.88
 0.29 0.30
 0.08 0.16
 0.64 0.62
 0.91 0.92
 0.33 0.34
 2.34 2.35
 1.76 1.75
 0.58 0.56
 0.24 0.26
 0.83 0.82
 0.68 0.66
