 0.53 0.69
 0.52 0.31
 0.44 1.51
 0.45 0.62
 0.42 1.65
 0.36 1.03
 1.93 1.62
 2.27 1.14
 0.23 0.59
 0.75 2.27
 1.78 0.99
 2.42 2.33
 1.14 1.82
 0.30 0.78
 1.72 0.82
 0.35 0.77
 0.37 0.95
 1.80 1.79
 0.55 0.97
 0.92 0.34
 2.29 1.51
 0.42 0.86
 0.49 0.78
 0.43 0.89
 2.89 2.20
 0.55 1.39
 0.97 0.98
 1.15 1.70
 2.69 1.99
 0.67 1.31
 3.51 2.48
 2.82 2.29
 1.02 0.72
 0.55 2.39
 2.18 1.88
 2.79 2.63
 1.96 1.88
 2.26 2.01
 0.70 1.29
 2.01 1.98
 1.96 1.53
 1.40 2.66
 0.80 0.50
 3.46 2.61
 0.36 0.61
 0.74 0.65
 0.35 0.76
 0.96 0.50
 1.51 1.09
 0.92 1.11
 0.45 0.57
 5.43 4.31
 0.30 0.48
 0.45 0.96
 0.53 0.67
 0.64 1.20
 0.50 0.94
 1.44 1.03
 0.80 0.55
 1.33 0.60
 0.80 0.80
 0.75 1.18
 0.47 1.83
 1.59 1.84
 0.50 0.64
 1.14 0.65
 1.97 3.17
 2.00 1.85
 1.53 1.03
 1.31 1.49
 0.19 0.00
 0.92 1.75
 1.11 1.18
 2.76 2.65
 1.16 1.09
 5.41 3.87
 1.20 0.88
 0.83 0.38
 1.50 0.92
 0.50 0.84
 0.38 0.62
 0.68 1.12
 0.99 1.67
 2.07 2.01
 0.60 0.64
 1.11 0.79
 0.29 0.29
 0.82 1.50
 1.90 1.44
 0.44 2.46
 3.38 2.50
 0.90 1.18
 0.60 0.96
 2.19 1.86
 2.04 1.12
 1.88 2.93
 1.94 1.63
 4.28 3.05
 1.23 2.48
 0.36 1.19
 1.21 0.99
 1.61 0.86
 1.03 1.08
 1.30 1.73
 0.70 0.71
 1.35 1.04
 1.70 2.10
 0.95 1.17
 0.66 0.94
 0.95 2.27
 0.82 0.61
 1.18 1.08
 1.00 0.43
 1.04 1.39
 1.18 0.57
 1.00 0.86
 2.30 1.49
 0.97 0.33
 0.99 1.01
 2.66 2.30
 1.10 1.47
 0.69 0.79
 2.75 1.91
 3.74 2.20
 0.67 2.16
 1.05 4.10
 8.00 2.53
 0.26 0.69
 1.54 1.79
 0.75 1.95
 0.98 3.29
 1.35 1.48
 0.67 0.79
 1.51 0.87
 0.21 -0.04
 1.25 0.36
 2.51 1.81
 0.24 1.70
 3.56 2.20
 3.36 2.11
 1.24 0.80
 0.18 0.33
 0.19 0.40
 1.42 1.18
 0.91 3.09
 4.66 2.71
 1.00 2.11
 0.78 0.30
 0.81 0.62
 0.58 0.09
 1.90 1.70
 0.74 0.84
 0.26 0.87
 0.47 0.02
 1.21 0.07
 0.16 0.40
 1.28 1.17
 0.94 1.11
 0.95 1.80
 1.06 1.60
 0.76 0.87
 0.23 0.37
 1.01 1.35
 0.60 1.15
 0.73 0.58
 2.23 1.45
 2.89 2.84
 0.35 0.52
 0.54 0.71
 0.95 1.78
 0.33 1.13
 0.66 1.15
 0.82 1.48
 0.41 0.52
 2.43 1.77
 3.89 3.01
 1.34 1.76
 0.47 0.85
 1.42 0.90
 2.28 1.60
 0.65 1.50
 1.00 2.91
 0.60 0.87
 0.64 0.75
 0.53 1.98
 0.33 0.73
 1.68 1.40
 1.62 1.36
 1.15 2.32
 0.27 0.41
 0.21 0.22
 0.33 1.07
 0.45 0.42
 2.25 2.51
 0.52 2.49
 0.62 1.09
 0.67 1.09
 1.04 0.64
 3.15 1.35
 1.12 0.87
 0.44 1.28
 2.37 0.68
 2.08 1.36
 0.18 0.94
 0.49 1.72
 0.40 0.46
 1.96 2.11
 0.33 1.46
 1.37 1.12
 0.36 1.16
 1.63 1.25
 0.34 1.13
 1.28 0.96
 0.20 0.07
 3.72 3.90
 0.64 0.62
 1.24 1.05
 0.42 0.80
 0.21 1.07
 1.95 1.98
 1.93 1.11
 2.44 1.84
 0.51 2.67
 0.41 0.68
 1.37 1.27
 0.64 2.31
 0.92 2.37
 0.70 2.60
 0.20 1.28
 3.57 1.98
 2.58 3.60
 2.30 1.98
 1.72 1.35
 0.34 0.31
 1.50 2.76
 0.88 0.76
 1.31 0.70
 0.87 0.94
 0.53 0.47
 5.43 2.20
 1.28 0.75
 0.25 0.65
 0.76 1.17
 0.16 1.03
 2.38 0.79
 0.19 0.05
 1.28 1.99
 2.16 1.16
 0.19 -0.91
 0.29 0.20
 0.90 0.88
 1.39 0.83
 1.52 1.21
 3.31 1.93
 2.76 2.57
 0.39 0.58
 1.51 1.71
 0.53 0.23
 0.35 0.78
 0.32 0.44
 1.56 0.74
 1.49 0.78
 0.80 0.66
 0.46 0.95
 2.54 2.62
 0.25 0.74
 0.21 0.21
 0.60 0.11
 1.91 1.33
 0.68 0.81
 2.75 1.43
 2.60 1.80
 1.24 1.47
 0.47 1.34
 0.36 0.65
 3.16 2.81
 0.69 0.66
 2.96 2.21
 0.43 0.76
 0.85 0.78
 0.51 0.56
 0.60 1.00
 0.89 1.75
 2.07 1.35
 2.11 3.70
 1.32 2.24
 0.67 0.97
 0.26 0.73
 0.90 0.84
 0.17 0.44
 0.35 0.85
 1.20 2.09
 2.26 1.72
 2.48 2.04
 2.47 2.86
 0.36 0.46
 2.69 2.39
 2.16 1.60
 0.23 0.23
 2.22 1.96
 0.21 0.47
 0.07 0.08
 0.32 0.37
 0.87 0.87
 0.84 1.23
 0.47 0.67
 2.05 1.44
 0.36 0.06
 1.11 0.73
 0.41 2.36
 0.54 0.57
 2.25 2.01
 1.32 1.72
 1.07 1.15
 2.12 2.01
 1.68 1.49
 0.28 0.45
 0.02 0.41
 0.12 -0.18
 1.11 1.28
 4.07 4.87
 2.10 1.59
 1.27 1.22
 0.62 -0.01
 0.60 1.83
 2.93 3.34
 0.17 0.48
 1.45 1.65
 1.68 2.41
 3.53 2.82
 0.09 0.08
 0.79 0.55
 0.14 0.22
 2.31 2.54
 3.98 2.82
 0.65 0.78
 1.97 3.76
 1.57 3.77
 0.69 0.61
 0.25 0.83
 2.86 1.80
 0.64 2.30
 0.90 0.43
 0.46 0.85
 0.95 1.11
 1.26 0.55
 1.63 0.68
 0.41 2.09
 0.79 1.14
 3.56 1.79
 0.35 0.27
 0.13 0.39
 0.73 0.96
 0.55 0.63
 0.43 1.58
 0.27 0.67
 1.06 2.06
 0.72 1.62
 1.23 0.95
 0.94 1.85
 1.18 0.96
 1.01 1.29
 1.20 1.82
 0.44 0.30
 0.28 1.90
 0.65 0.87
 1.14 2.46
 0.55 1.16
 1.06 2.21
 1.86 1.33
 3.10 1.98
 1.61 1.00
 0.42 0.53
 0.24 0.25
 0.79 1.63
 0.35 0.48
 0.33 0.95
 0.29 2.20
 1.82 2.68
 0.38 2.67
 0.72 0.88
 0.77 0.52
 1.03 1.22
 0.64 -0.52
 0.17 0.65
 1.11 1.20
 0.51 0.67
 2.40 3.24
 0.52 0.11
 0.31 0.93
 1.15 0.92
 0.22 0.98
 1.83 2.10
 0.54 0.55
 0.17 0.37
 1.69 1.41
 1.63 1.52
 1.34 0.77
 0.92 0.66
 0.42 1.06
 4.17 2.24
 1.70 1.06
 1.74 1.58
 1.96 1.85
 0.46 0.53
 1.14 0.64
 0.46 1.20
 0.45 0.10
 2.69 1.68
 0.22 0.66
 0.52 0.55
 1.27 3.43
 2.06 0.95
 1.13 0.78
 0.04 0.82
 4.25 3.01
 1.56 1.01
 1.78 2.29
 2.30 3.51
 1.67 1.70
 0.08 1.33
 1.89 1.46
 1.51 1.13
 0.73 0.40
 1.65 1.52
 0.41 0.36
 1.19 1.23
 0.37 0.56
 1.15 1.01
 0.39 0.59
 0.28 0.96
 2.18 3.32
 1.13 0.46
 2.98 1.98
 0.77 0.73
 0.65 0.27
 0.12 0.18
 0.15 0.46
 0.69 0.64
 0.94 2.91
 0.47 1.23
 1.00 0.69
 0.85 2.81
 0.64 1.27
 0.99 1.17
 0.22 1.66
 0.94 0.78
 1.05 1.34
 1.03 1.00
 0.51 0.83
 0.84 1.35
 0.11 0.24
 0.88 0.15
 1.44 1.16
 0.81 0.56
 0.13 0.23
 1.11 1.01
 1.22 1.19
 0.68 1.54
 0.73 1.30
 1.98 1.29
 0.71 0.84
 6.32 3.20
 0.37 0.53
 0.96 1.01
 3.02 2.70
 1.18 0.42
 0.66 2.13
 1.96 1.27
 0.68 0.41
 0.91 0.86
 2.51 2.43
 3.73 3.85
 0.21 0.94
 2.06 1.88
 1.46 1.92
 0.54 1.16
 2.85 2.97
 1.17 1.23
 2.76 2.61
 1.65 1.78
 4.23 3.04
 0.99 1.81
 0.38 1.14
 0.75 1.74
 1.71 1.22
 2.19 0.96
 0.74 0.97
 2.20 2.22
 0.83 1.11
 1.32 0.59
 1.71 1.32
 1.98 2.20
 2.04 1.37
 5.53 3.37
 2.10 1.35
 1.02 1.32
 0.60 1.17
 1.88 2.11
 1.35 1.13
 1.37 0.91
 2.27 2.49
 0.75 0.76
 0.92 1.19
 0.56 0.75
 0.99 0.88
 1.83 1.31
 0.94 1.19
 2.40 1.54
 2.61 1.69
 1.78 2.88
 0.30 0.85
 1.46 1.07
 0.09 0.19
 1.38 0.84
 1.29 0.87
 0.15 0.33
 1.59 1.95
 0.68 1.71
 0.04 1.28
 0.50 1.83
 2.15 1.70
 1.49 1.51
 1.91 3.78
 1.36 0.87
 3.24 2.60
 0.37 1.17
 0.77 0.97
 2.27 1.67
 2.08 1.59
 0.58 0.21
 0.44 0.48
 1.08 1.99
 0.65 1.40
 2.30 2.05
 3.48 3.29
 1.42 1.32
 0.82 1.39
 1.41 2.05
 0.95 0.51
 0.25 2.73
 1.17 0.88
 0.30 0.44
 1.40 1.38
 0.40 0.75
 2.05 3.92
 1.95 1.23
 0.75 1.80
 0.54 1.90
 0.16 0.61
 1.49 0.78
 2.45 3.00
 2.62 1.90
 1.40 1.52
 0.62 1.29
 1.63 1.09
 3.31 2.38
 0.18 1.12
 0.29 1.64
 0.91 1.70
 0.91 1.01
 0.37 0.47
 0.27 0.96
 0.72 0.69
 0.23 0.74
 0.86 0.44
 6.50 3.62
 3.29 1.68
 0.74 1.51
 0.72 1.22
 2.84 3.03
 0.12 0.08
 1.44 1.45
 6.17 3.45
 0.51 0.70
 0.37 0.96
 0.42 0.87
 6.83 3.62
 2.08 1.69
 0.83 1.08
 0.12 0.54
 4.34 3.31
 3.79 3.05
 4.15 3.50
 0.43 0.82
 2.85 1.62
 1.04 1.60
 3.64 2.88
 1.21 1.35
 0.47 0.59
 1.35 0.98
 1.34 1.32
 0.69 0.88
 0.68 2.10
 0.80 1.85
 0.40 1.24
 4.93 3.14
 1.34 0.91
 1.47 1.71
 1.26 2.21
 3.76 3.26
 2.11 1.56
 0.82 1.32
 0.70 0.57
 3.41 2.84
 2.49 2.36
 3.17 3.34
 2.81 3.63
 0.75 0.63
 1.02 0.75
 1.01 0.67
 1.43 1.24
 0.47 0.75
 0.88 0.89
 3.16 4.02
 0.83 0.76
 1.96 1.11
 0.81 1.11
 1.60 0.90
 1.11 1.51
 0.98 0.82
 1.11 1.30
 3.64 2.16
 1.66 1.40
 0.27 0.87
 1.23 0.76
 0.69 2.17
 0.86 0.96
 1.75 1.43
 4.00 3.24
 0.53 -0.32
 1.37 0.88
 3.31 2.29
 0.84 0.88
 1.33 1.80
 3.65 2.35
 0.54 0.29
 0.53 0.80
 1.55 1.20
 1.13 1.54
 1.55 1.04
 0.80 1.48
 0.32 0.99
 1.97 1.37
 2.01 2.21
 2.30 2.85
 3.02 2.24
 1.05 0.76
 3.46 2.60
 2.60 2.27
 0.77 0.76
 0.69 1.23
 0.27 1.50
 1.11 1.36
 1.02 1.98
 2.83 2.94
 0.22 0.64
 0.48 0.75
 3.53 2.40
 2.46 4.01
 2.73 2.96
 2.68 1.78
 2.72 1.76
 2.00 1.49
 2.44 2.65
 0.27 1.20
 2.02 1.37
 1.89 1.30
 0.53 0.83
 3.23 2.11
 0.42 0.81
 1.09 1.38
 0.28 0.14
 1.68 1.22
 0.15 0.60
 0.49 1.17
 2.08 1.93
 0.35 0.35
 3.51 2.24
 3.00 2.98
 2.73 1.75
 1.71 2.13
 0.32 1.10
 0.75 0.82
 0.63 1.71
 2.24 1.88
 1.57 1.22
 0.40 0.93
 3.30 1.88
 0.10 0.32
 1.00 0.63
 0.96 0.91
 0.96 1.56
 2.06 1.23
 4.02 3.33
 1.29 1.02
 1.22 1.07
 4.46 2.94
 0.72 0.42
 1.77 1.09
 0.11 0.77
 0.51 1.04
 1.59 1.18
 0.87 1.76
 2.87 2.73
 1.45 0.90
 0.10 -0.06
 2.45 1.68
 2.58 2.45
 1.31 1.36
 1.33 1.02
 1.66 1.01
 0.38 0.21
 1.29 1.52
 1.66 1.16
 1.40 2.46
 0.86 0.98
 0.27 0.96
 2.34 3.00
 3.81 3.32
 0.45 0.93
 1.63 1.11
 3.80 4.03
 3.04 2.93
 0.13 0.35
 1.96 2.14
 1.00 1.60
 2.79 2.57
 1.57 0.86
 0.44 0.66
 0.36 0.73
 2.72 1.99
 1.04 1.45
 0.36 0.49
 0.91 0.92
 0.49 0.72
 1.57 1.25
 1.36 1.31
 0.85 0.84
 2.26 1.33
 0.44 0.75
 1.84 0.94
 1.02 1.45
 2.28 1.28
 1.68 1.31
 1.00 1.47
 0.44 2.49
 0.76 1.31
 0.79 1.67
 1.40 0.78
 2.61 1.60
 0.93 0.88
 0.57 1.22
 5.95 3.54
 0.33 0.73
 3.71 3.02
 1.85 1.21
 0.39 0.85
 1.83 1.13
 1.81 1.69
 0.31 1.04
 1.06 1.36
 3.61 1.97
 0.98 1.14
 2.09 1.65
 0.41 0.17
 0.96 1.19
 1.38 0.58
 2.45 2.08
 0.30 1.07
 1.03 0.89
 0.09 0.53
 1.31 1.02
 0.44 0.85
 1.22 1.23
 0.52 1.27
 0.53 0.44
 0.43 1.91
 0.60 0.87
 0.89 1.27
 0.37 1.18
 3.54 2.43
 0.07 0.32
 1.36 1.94
 1.45 1.58
 1.52 2.29
 2.43 1.59
 1.93 2.57
 1.75 1.74
 3.18 1.59
 6.48 4.22
 1.84 1.34
 1.12 0.77
 0.97 1.10
 1.84 0.41
 1.82 2.03
 0.45 0.80
 0.21 0.90
 2.21 2.03
 0.37 0.56
 1.56 2.68
 1.18 1.54
 2.12 1.57
 0.29 0.50
 0.80 0.93
 0.64 1.66
 0.58 0.46
 0.68 1.35
 1.38 0.86
 4.57 4.23
 1.05 0.29
 3.13 2.32
 4.29 3.46
 2.90 1.74
 0.70 0.58
 2.24 1.23
 2.25 1.26
 1.51 0.79
 0.18 -0.14
 3.10 2.55
 5.29 4.36
 0.26 -0.05
 0.62 0.99
 0.70 3.05
 2.11 1.37
 2.83 3.07
 1.58 1.29
 1.28 0.94
 1.08 0.82
 0.04 0.72
 3.22 1.95
 1.23 1.28
 1.21 1.18
 1.29 1.27
 2.20 3.91
 0.63 1.87
 0.32 0.74
 0.86 1.23
 0.56 0.93
 1.73 2.34
 2.36 1.34
 3.63 3.34
 4.49 3.01
 0.54 0.91
 2.77 2.31
 0.64 1.11
 0.49 -0.73
 0.46 -0.01
 0.72 1.30
 0.54 0.98
 0.56 0.20
 1.25 3.35
 0.02 1.05
 0.72 0.54
 0.87 0.50
 4.46 2.69
 0.18 1.03
 2.20 2.19
 6.72 3.73
 0.69 1.31
 1.95 1.57
 0.68 0.50
 1.23 1.18
 3.84 2.33
 1.40 1.26
 0.19 0.07
 2.26 1.64
 0.96 0.94
 1.14 0.64
 0.58 1.40
 1.41 0.97
 0.89 -0.10
 0.17 0.35
 4.37 3.12
 0.65 1.03
 1.52 0.77
 0.14 0.21
 1.44 1.63
 1.20 1.60
 0.12 0.09
 0.37 0.84
 1.32 2.82
 0.01 -0.25
 1.27 1.30
 1.20 0.88
 1.15 1.28
 0.49 0.69
 1.73 0.90
 0.13 0.37
 2.36 1.54
 2.43 2.21
 3.24 1.88
 0.84 0.59
 1.90 1.86
 0.60 0.99
 1.29 0.97
 0.27 0.56
 0.37 0.78
 0.31 2.06
 1.20 0.88
 1.60 2.91
 2.51 1.51
 2.84 2.19
 1.42 1.31
 2.47 2.09
 1.32 0.82
 1.31 1.24
 1.78 1.35
 1.00 1.10
 1.93 2.00
 0.10 0.08
 1.85 1.91
 0.28 0.75
 0.36 1.00
 1.93 1.95
 1.53 1.39
 0.82 0.77
 1.30 0.92
 3.48 3.68
 1.33 1.38
 0.32 0.71
 1.46 1.37
 1.07 0.45
 0.43 0.85
 2.68 2.13
 0.21 0.29
 1.22 1.41
 0.56 1.27
 0.15 0.56
 5.40 4.00
 0.50 1.02
 0.31 1.00
 2.71 2.56
 1.32 0.98
 0.61 0.94
 0.74 1.31
 0.44 1.51
 1.21 1.28
 0.93 1.20
 1.36 1.33
 1.12 0.83
 1.09 0.69
 0.18 0.64
 0.47 0.28
 1.21 0.89
 3.67 2.77
 0.63 0.83
 1.67 0.99
 1.19 0.81
 1.36 1.35
 3.97 2.82
 1.14 2.65
 1.35 1.23
 1.85 1.17
 1.29 0.79
 0.42 0.78
 0.71 0.38
 2.77 2.27
 1.49 0.77
 2.35 1.71
 0.22 1.58
 0.80 1.33
 1.61 0.98
 1.79 1.07
 0.26 0.32
 2.32 1.50
 1.42 1.22
 5.52 3.39
 4.92 3.35
 2.89 1.90
 1.46 1.74
 1.07 1.27
 2.72 1.81
 0.20 1.44
 0.58 2.12
 1.25 3.60
 2.93 2.10
 0.42 2.89
 3.50 2.21
 3.06 2.51
 0.48 0.31
 3.18 2.62
 1.84 1.73
 0.73 1.77
 2.17 2.26
 0.31 0.82
 2.35 1.46
 1.54 0.79
 2.31 1.34
 0.62 0.66
 0.67 0.36
 2.09 2.48
 2.00 1.29
 4.88 3.00
 4.31 3.63
 0.75 0.84
 1.24 2.34
 0.27 1.50
 0.47 0.67
 0.50 0.94
 0.68 0.91
 0.25 0.48
 0.50 0.16
 1.05 1.08
 5.60 2.95
 1.19 0.90
 2.67 2.63
 1.12 0.60
 0.46 0.46
 1.32 1.04
 1.20 0.87
 0.61 0.28
 0.97 1.20
 1.65 2.60
 0.12 0.64
 0.32 0.76
 0.68 1.46
 2.80 1.76
 0.82 0.74
 0.49 0.22
 2.28 3.51
 2.25 1.38
 2.44 2.51
 2.28 2.67
 2.22 1.55
 1.89 1.92
 2.77 2.32
 0.98 1.27
 2.23 1.71
 1.80 2.75
 2.28 1.76
 1.86 0.99
 0.20 -0.05
 1.21 1.12
 1.82 1.15
 1.22 1.79
 1.86 1.45
 0.88 1.19
 1.52 1.38
 0.83 1.57
 1.06 0.70
 4.11 2.43
 0.36 1.13
 0.74 0.44
 1.16 0.61
 0.17 0.64
 1.14 0.80
 4.67 4.69
 1.94 1.59
 0.81 0.67
 1.86 1.53
 2.26 3.70
 3.05 1.82
 0.51 0.39
 2.11 1.79
 2.32 2.24
 0.23 1.79
 2.69 1.79
 1.86 1.64
 2.00 1.59
 0.46 0.89
 2.13 1.61
 0.47 0.50
 0.67 1.13
 0.57 0.55
 1.26 1.14
 2.26 2.12
 2.94 4.21
 0.71 0.77
 1.53 0.84
 0.47 2.94
 2.09 1.64
 2.60 1.64
 0.75 0.32
 3.34 2.08
 1.78 1.45
 0.36 0.88
 1.66 2.02
 1.55 3.02
 1.08 1.38
 0.17 0.65
 0.21 1.57
 0.39 0.87
 0.39 0.94
 1.32 1.17
 1.04 1.33
 0.48 1.10
 3.83 2.28
 1.64 1.87
 2.20 1.75
 0.29 1.35
 2.33 1.81
 0.96 0.96
 2.22 0.83
 2.08 1.59
 0.47 0.82
 3.49 2.02
 4.43 3.09
 1.48 1.15
 1.96 1.44
 0.97 1.07
 1.02 0.51
 2.72 2.00
 0.76 1.05
 1.24 1.36
 0.70 1.38
 0.73 0.75
 1.80 1.00
 1.26 0.98
 1.77 2.67
 0.95 1.22
 0.47 0.32
 2.62 1.73
 1.31 1.78
 2.99 2.28
 0.58 0.75
 1.66 1.17
 1.66 1.74
 0.87 0.96
 1.07 0.97
 1.50 0.73
 2.19 2.41
 1.43 1.71
 1.22 0.68
 0.96 0.93
 0.74 1.02
 0.56 0.73
 0.56 0.54
 0.16 0.34
 2.02 1.77
 2.28 1.65
 0.67 2.03
 3.05 2.47
 0.77 0.64
 2.81 3.72
 2.43 3.16
 2.38 3.15
 0.88 0.82
 2.32 3.35
 1.52 1.34
 1.24 0.93
 1.71 1.56
 0.47 1.80
 0.64 0.35
 1.33 1.38
 2.00 3.41
 0.24 0.59
 0.52 0.27
 2.51 3.57
 1.24 1.58
 1.25 1.97
 0.85 1.00
 0.47 0.45
 0.54 0.11
 0.51 0.63
 0.44 0.82
 0.95 1.22
 2.04 1.60
 0.31 0.71
 1.01 0.44
 0.49 0.54
 1.27 0.73
 1.74 1.52
 1.34 0.77
 3.24 2.28
 0.50 1.72
 0.64 0.40
 1.37 0.86
 2.06 1.29
 1.07 3.24
 0.16 0.62
 1.40 1.98
 2.38 1.59
 4.87 3.71
 0.86 1.04
 0.34 0.44
 0.83 1.56
 1.44 1.20
 0.33 0.28
 2.02 1.25
 1.46 1.27
 0.39 1.07
 2.93 2.61
 0.69 0.80
 1.47 1.68
 1.47 1.59
 0.83 0.81
 0.13 -0.33
 1.81 1.36
 3.01 2.44
 0.50 0.85
 2.44 1.82
 0.13 0.67
 0.30 0.48
 2.64 2.24
 0.21 0.05
 0.46 0.75
 3.16 3.19
 1.57 1.28
 2.11 1.35
 0.43 0.84
 0.82 0.94
 0.56 0.38
 0.17 0.51
 1.53 2.01
 0.33 0.88
 0.61 1.46
 0.29 0.57
 1.42 1.22
 3.93 3.19
 1.24 1.04
 0.44 0.35
 0.44 0.29
 0.71 2.65
 2.72 2.06
 1.16 1.21
 1.33 1.48
 0.51 1.43
 0.72 0.89
 0.77 0.34
 2.58 2.42
 1.01 1.61
 0.82 0.71
 0.86 0.93
 1.96 1.54
 2.27 2.25
 0.88 1.46
 0.76 1.00
 0.34 0.55
 0.93 0.93
 0.29 0.30
 0.87 0.41
 1.38 0.73
 1.41 1.64
 0.73 0.48
 0.57 1.61
 2.13 1.18
 0.52 0.83
 1.50 0.94
 1.32 3.25
 1.47 1.22
 0.87 0.85
 3.07 2.57
 1.21 1.18
 0.55 0.63
 0.92 1.24
 2.14 1.32
 0.85 0.21
 1.62 1.09
 5.11 2.79
 1.20 1.69
 0.47 2.96
 1.39 1.53
 1.63 1.56
 0.46 0.86
 2.49 1.15
 0.11 0.15
 0.60 0.66
 1.03 1.41
 4.58 3.21
 4.08 2.97
 0.30 0.83
 1.19 1.46
 3.87 2.51
 3.95 2.72
 2.20 1.40
 0.76 2.69
 3.11 2.19
 3.15 2.25
 0.22 1.17
 1.80 1.25
 2.00 1.08
 0.67 1.24
 4.85 2.99
 0.28 -0.41
 0.10 0.31
 0.76 0.87
 2.72 2.66
 0.49 0.96
 0.38 0.30
 0.69 2.19
 1.25 1.27
 0.53 0.95
 1.20 0.37
 0.62 0.90
 2.16 1.09
 3.08 2.11
 0.55 0.97
 1.71 2.74
 1.08 0.51
 0.40 0.51
 0.64 0.92
 0.56 0.66
 1.20 0.88
 0.28 1.16
 0.78 1.06
 0.25 0.21
 1.02 0.91
 1.78 2.22
 2.05 3.69
