 0.53 0.65
 0.52 0.33
 0.44 1.62
 0.45 0.72
 0.42 1.68
 0.36 0.93
 1.93 1.66
 2.27 1.37
 0.23 0.48
 0.75 2.36
 1.78 0.75
 2.42 2.34
 1.14 1.75
 0.30 0.78
 1.72 1.56
 0.35 0.64
 0.37 1.04
 1.80 1.82
 0.55 0.81
 0.92 0.55
 2.29 1.40
 0.42 0.73
 0.49 0.93
 0.43 0.94
 2.89 2.21
 0.55 1.42
 0.97 1.28
 1.15 1.66
 2.69 2.00
 0.67 1.23
 3.51 2.40
 2.82 2.36
 1.02 0.02
 0.55 2.38
 2.18 1.95
 2.79 2.50
 1.96 2.13
 2.26 1.98
 0.70 1.26
 2.01 1.98
 1.96 1.64
 1.40 3.19
 0.80 0.55
 3.46 2.32
 0.36 0.39
 0.74 0.89
 0.35 0.42
 0.96 0.45
 1.51 1.09
 0.92 1.12
 0.45 0.32
 5.43 4.17
 0.30 0.48
 0.45 0.91
 0.53 0.68
 0.64 1.34
 0.50 1.00
 1.44 0.95
 0.80 0.64
 1.33 0.68
 0.80 0.79
 0.75 1.13
 0.47 1.72
 1.59 1.65
 0.50 0.66
 1.14 0.66
 1.97 2.90
 2.00 1.95
 1.53 1.02
 1.31 1.43
 0.19 0.20
 0.92 1.78
 1.11 1.14
 2.76 2.72
 1.16 1.09
 5.41 4.27
 1.20 0.84
 0.83 0.62
 1.50 0.99
 0.50 0.79
 0.38 0.67
 0.68 1.03
 0.99 1.73
 2.07 1.99
 0.60 0.54
 1.11 0.74
 0.29 0.45
 0.82 1.23
 1.90 0.93
 0.44 2.75
 3.38 2.54
 0.90 1.12
 0.60 0.83
 2.19 1.41
 2.04 1.09
 1.88 3.44
 1.94 1.52
 4.28 3.14
 1.23 2.34
 0.36 0.87
 1.21 0.92
 1.61 0.78
 1.03 1.00
 1.30 1.29
 0.70 0.77
 1.35 1.07
 1.70 2.50
 0.95 1.12
 0.66 0.96
 0.95 2.27
 0.82 0.59
 1.18 0.99
 1.00 0.58
 1.04 1.24
 1.18 0.61
 1.00 0.80
 2.30 1.54
 0.97 -0.16
 0.99 1.02
 2.66 2.25
 1.10 1.52
 0.69 0.79
 2.75 1.89
 3.74 2.18
 0.67 2.00
 1.05 3.96
 8.00 2.09
 0.26 1.01
 1.54 1.90
 0.75 1.96
 0.98 3.01
 1.35 1.49
 0.67 0.75
 1.51 0.77
 0.21 0.59
 1.25 0.38
 2.51 1.80
 0.24 1.71
 3.56 1.96
 3.36 2.13
 1.24 0.85
 0.18 0.48
 0.19 0.47
 1.42 1.48
 0.91 3.02
 4.66 2.74
 1.00 2.86
 0.78 0.49
 0.81 0.72
 0.58 0.85
 1.90 1.56
 0.74 0.80
 0.26 0.96
 0.47 0.26
 1.21 0.10
 0.16 0.40
 1.28 1.20
 0.94 0.91
 0.95 1.97
 1.06 1.25
 0.76 0.58
 0.23 0.50
 1.01 1.50
 0.60 1.43
 0.73 0.69
 2.23 1.40
 2.89 3.60
 0.35 0.44
 0.54 0.80
 0.95 1.88
 0.33 0.95
 0.66 1.07
 0.82 1.63
 0.41 0.57
 2.43 1.39
 3.89 3.05
 1.34 1.57
 0.47 0.77
 1.42 0.88
 2.28 1.62
 0.65 1.62
 1.00 2.83
 0.60 1.01
 0.64 0.81
 0.53 2.10
 0.33 0.72
 1.68 1.27
 1.62 1.66
 1.15 2.45
 0.27 0.37
 0.21 0.35
 0.33 1.20
 0.45 0.62
 2.25 2.62
 0.52 2.39
 0.62 1.09
 0.67 0.96
 1.04 0.68
 3.15 1.40
 1.12 0.83
 0.44 1.20
 2.37 0.77
 2.08 1.35
 0.18 -0.08
 0.49 1.57
 0.40 0.50
 1.96 2.17
 0.33 1.37
 1.37 1.10
 0.36 1.17
 1.63 1.53
 0.34 1.22
 1.28 0.82
 0.20 0.46
 3.72 3.97
 0.64 0.50
 1.24 0.96
 0.42 0.87
 0.21 1.01
 1.95 1.69
 1.93 1.08
 2.44 1.88
 0.51 2.75
 0.41 0.20
 1.37 1.30
 0.64 2.33
 0.92 2.28
 0.70 3.31
 0.20 1.34
 3.57 2.01
 2.58 3.55
 2.30 1.92
 1.72 1.46
 0.34 0.63
 1.50 2.81
 0.88 1.05
 1.31 0.88
 0.87 0.94
 0.53 0.40
 5.43 2.20
 1.28 0.88
 0.25 0.55
 0.76 1.01
 0.16 1.05
 2.38 2.13
 0.19 0.80
 1.28 2.00
 2.16 1.19
 0.19 -0.39
 0.29 0.30
 0.90 0.68
 1.39 0.74
 1.52 0.91
 3.31 1.76
 2.76 2.67
 0.39 0.60
 1.51 1.88
 0.53 0.66
 0.35 0.80
 0.32 0.52
 1.56 0.87
 1.49 0.81
 0.80 0.71
 0.46 1.02
 2.54 1.98
 0.25 0.73
 0.21 0.40
 0.60 0.19
 1.91 1.32
 0.68 1.06
 2.75 1.48
 2.60 1.86
 1.24 1.26
 0.47 1.25
 0.36 0.57
 3.16 3.08
 0.69 0.59
 2.96 2.24
 0.43 0.84
 0.85 0.79
 0.51 0.56
 0.60 0.96
 0.89 1.51
 2.07 1.30
 2.11 2.81
 1.32 2.27
 0.67 0.88
 0.26 0.73
 0.90 0.76
 0.17 0.17
 0.35 0.79
 1.20 2.18
 2.26 1.80
 2.48 2.12
 2.47 2.86
 0.36 0.61
 2.69 2.39
 2.16 1.90
 0.23 0.28
 2.22 1.95
 0.21 0.51
 0.07 -0.11
 0.32 0.27
 0.87 0.86
 0.84 0.84
 0.47 0.75
 2.05 1.45
 0.36 -0.11
 1.11 0.55
 0.41 1.99
 0.54 0.82
 2.25 1.97
 1.32 1.38
 1.07 1.18
 2.12 1.90
 1.68 1.40
 0.28 0.39
 0.02 0.50
 0.12 -0.05
 1.11 1.20
 4.07 4.11
 2.10 1.64
 1.27 1.09
 0.62 0.10
 0.60 1.75
 2.93 3.05
 0.17 0.47
 1.45 1.66
 1.68 2.20
 3.53 2.83
 0.09 -0.10
 0.79 0.53
 0.14 0.37
 2.31 2.65
 3.98 2.74
 0.65 0.90
 1.97 3.74
 1.57 3.78
 0.69 0.60
 0.25 0.88
 2.86 1.76
 0.64 2.35
 0.90 0.61
 0.46 0.83
 0.95 1.14
 1.26 0.66
 1.63 0.81
 0.41 2.42
 0.79 1.05
 3.56 1.72
 0.35 0.34
 0.13 0.47
 0.73 0.58
 0.55 0.56
 0.43 1.81
 0.27 0.69
 1.06 2.01
 0.72 1.76
 1.23 0.70
 0.94 1.87
 1.18 1.19
 1.01 1.06
 1.20 1.76
 0.44 0.44
 0.28 2.02
 0.65 0.82
 1.14 2.55
 0.55 1.10
 1.06 2.31
 1.86 1.37
 3.10 1.98
 1.61 0.89
 0.42 0.69
 0.24 0.31
 0.79 1.85
 0.35 0.50
 0.33 0.89
 0.29 2.26
 1.82 2.83
 0.38 2.56
 0.72 0.98
 0.77 0.92
 1.03 1.18
 0.64 -0.01
 0.17 0.55
 1.11 1.21
 0.51 0.69
 2.40 3.29
 0.52 0.06
 0.31 0.89
 1.15 1.02
 0.22 1.03
 1.83 2.10
 0.54 0.67
 0.17 0.53
 1.69 1.50
 1.63 1.43
 1.34 1.21
 0.92 0.55
 0.42 1.05
 4.17 2.17
 1.70 0.97
 1.74 1.58
 1.96 1.93
 0.46 0.56
 1.14 0.79
 0.46 0.94
 0.45 0.38
 2.69 1.64
 0.22 0.67
 0.52 0.16
 1.27 3.06
 2.06 0.95
 1.13 0.68
 0.04 0.93
 4.25 2.99
 1.56 0.99
 1.78 2.35
 2.30 3.38
 1.67 1.70
 0.08 1.26
 1.89 1.49
 1.51 1.18
 0.73 0.52
 1.65 1.52
 0.41 0.46
 1.19 1.17
 0.37 0.54
 1.15 1.02
 0.39 0.68
 0.28 0.91
 2.18 3.02
 1.13 0.44
 2.98 1.93
 0.77 0.80
 0.65 0.17
 0.12 0.94
 0.15 0.36
 0.69 0.75
 0.94 2.68
 0.47 1.08
 1.00 0.69
 0.85 2.47
 0.64 1.11
 0.99 1.14
 0.22 2.01
 0.94 0.90
 1.05 1.27
 1.03 1.00
 0.51 0.74
 0.84 1.34
 0.11 0.33
 0.88 0.14
 1.44 1.12
 0.81 0.62
 0.13 0.30
 1.11 1.10
 1.22 1.04
 0.68 1.53
 0.73 1.26
 1.98 1.23
 0.71 0.86
 6.32 3.25
 0.37 0.34
 0.96 0.97
 3.02 2.71
 1.18 0.55
 0.66 2.13
 1.96 1.21
 0.68 0.33
 0.91 0.69
 2.51 2.53
 3.73 3.73
 0.21 0.95
 2.06 1.86
 1.46 1.54
 0.54 1.05
 2.85 2.87
 1.17 1.28
 2.76 2.64
 1.65 1.48
 4.23 2.95
 0.99 1.64
 0.38 1.05
 0.75 1.75
 1.71 1.25
 2.19 1.01
 0.74 1.00
 2.20 2.09
 0.83 1.03
 1.32 0.64
 1.71 1.24
 1.98 2.17
 2.04 1.43
 5.53 3.23
 2.10 1.34
 1.02 1.23
 0.60 1.26
 1.88 2.16
 1.35 1.04
 1.37 0.99
 2.27 2.31
 0.75 0.84
 0.92 1.28
 0.56 0.81
 0.99 0.99
 1.83 1.30
 0.94 1.51
 2.40 1.53
 2.61 1.66
 1.78 2.48
 0.30 0.95
 1.46 1.03
 0.09 0.59
 1.38 0.94
 1.29 0.83
 0.15 0.38
 1.59 1.89
 0.68 1.68
 0.04 1.09
 0.50 1.73
 2.15 1.25
 1.49 1.32
 1.91 3.77
 1.36 0.85
 3.24 2.68
 0.37 1.20
 0.77 0.98
 2.27 1.73
 2.08 1.51
 0.58 0.21
 0.44 0.53
 1.08 2.23
 0.65 1.53
 2.30 2.00
 3.48 3.47
 1.42 1.16
 0.82 1.34
 1.41 1.88
 0.95 0.53
 0.25 2.89
 1.17 0.77
 0.30 0.46
 1.40 1.28
 0.40 0.41
 2.05 4.13
 1.95 1.22
 0.75 1.75
 0.54 1.80
 0.16 0.78
 1.49 0.79
 2.45 3.11
 2.62 1.91
 1.40 1.54
 0.62 1.28
 1.63 1.28
 3.31 2.43
 0.18 1.10
 0.29 1.68
 0.91 1.74
 0.91 1.06
 0.37 0.50
 0.27 0.94
 0.72 0.73
 0.23 0.83
 0.86 0.25
 6.50 3.48
 3.29 1.57
 0.74 1.57
 0.72 1.42
 2.84 3.28
 0.12 -0.26
 1.44 1.53
 6.17 3.40
 0.51 0.79
 0.37 0.95
 0.42 0.93
 6.83 3.39
 2.08 1.62
 0.83 1.05
 0.12 0.47
 4.34 3.30
 3.79 3.17
 4.15 3.32
 0.43 0.76
 2.85 1.72
 1.04 1.41
 3.64 2.80
 1.21 1.06
 0.47 0.54
 1.35 0.99
 1.34 1.43
 0.69 0.89
 0.68 2.06
 0.80 1.76
 0.40 1.31
 4.93 3.20
 1.34 0.95
 1.47 1.77
 1.26 2.21
 3.76 3.37
 2.11 1.52
 0.82 1.31
 0.70 0.60
 3.41 2.78
 2.49 2.46
 3.17 3.92
 2.81 3.63
 0.75 0.69
 1.02 0.85
 1.01 0.82
 1.43 1.14
 0.47 0.77
 0.88 1.00
 3.16 4.14
 0.83 0.75
 1.96 1.06
 0.81 1.14
 1.60 0.87
 1.11 1.62
 0.98 0.61
 1.11 1.02
 3.64 2.23
 1.66 1.09
 0.27 0.98
 1.23 0.82
 0.69 2.32
 0.86 1.02
 1.75 1.47
 4.00 3.26
 0.53 -0.16
 1.37 0.93
 3.31 2.32
 0.84 1.13
 1.33 1.78
 3.65 2.44
 0.54 0.41
 0.53 0.63
 1.55 1.28
 1.13 1.53
 1.55 0.92
 0.80 1.58
 0.32 0.89
 1.97 1.11
 2.01 2.42
 2.30 2.77
 3.02 2.26
 1.05 0.70
 3.46 2.59
 2.60 2.37
 0.77 0.87
 0.69 1.21
 0.27 1.50
 1.11 1.25
 1.02 1.91
 2.83 3.09
 0.22 0.41
 0.48 0.72
 3.53 2.49
 2.46 3.48
 2.73 3.03
 2.68 1.65
 2.72 1.86
 2.00 1.40
 2.44 2.64
 0.27 1.04
 2.02 1.42
 1.89 1.33
 0.53 0.74
 3.23 2.20
 0.42 0.79
 1.09 1.08
 0.28 0.33
 1.68 1.15
 0.15 0.39
 0.49 1.13
 2.08 1.93
 0.35 0.54
 3.51 2.34
 3.00 2.98
 2.73 1.72
 1.71 2.18
 0.32 1.00
 0.75 0.90
 0.63 1.72
 2.24 1.84
 1.57 1.10
 0.40 0.79
 3.30 1.90
 0.10 0.32
 1.00 0.76
 0.96 0.86
 0.96 1.47
 2.06 1.16
 4.02 3.55
 1.29 1.00
 1.22 1.04
 4.46 2.82
 0.72 0.54
 1.77 1.00
 0.11 0.84
 0.51 0.93
 1.59 1.17
 0.87 1.86
 2.87 2.78
 1.45 0.80
 0.10 0.05
 2.45 1.71
 2.58 2.39
 1.31 1.28
 1.33 0.96
 1.66 0.91
 0.38 0.25
 1.29 1.35
 1.66 1.10
 1.40 2.33
 0.86 1.03
 0.27 0.88
 2.34 3.14
 3.81 3.45
 0.45 0.84
 1.63 1.06
 3.80 4.13
 3.04 2.88
 0.13 0.35
 1.96 1.66
 1.00 1.59
 2.79 2.64
 1.57 0.83
 0.44 0.84
 0.36 0.68
 2.72 2.07
 1.04 1.47
 0.36 0.31
 0.91 0.88
 0.49 0.57
 1.57 1.09
 1.36 1.02
 0.85 0.65
 2.26 1.35
 0.44 0.67
 1.84 0.91
 1.02 1.48
 2.28 1.27
 1.68 1.47
 1.00 1.08
 0.44 2.42
 0.76 1.24
 0.79 1.21
 1.40 0.76
 2.61 1.74
 0.93 0.83
 0.57 1.15
 5.95 3.60
 0.33 0.69
 3.71 3.18
 1.85 1.16
 0.39 0.85
 1.83 1.09
 1.81 1.69
 0.31 1.02
 1.06 1.29
 3.61 2.07
 0.98 1.12
 2.09 1.56
 0.41 -0.28
 0.96 1.08
 1.38 0.74
 2.45 2.03
 0.30 0.95
 1.03 0.97
 0.09 0.58
 1.31 0.99
 0.44 0.93
 1.22 1.48
 0.52 1.29
 0.53 0.56
 0.43 2.13
 0.60 0.84
 0.89 1.19
 0.37 1.12
 3.54 2.49
 0.07 0.27
 1.36 1.83
 1.45 1.46
 1.52 1.45
 2.43 1.60
 1.93 2.03
 1.75 1.76
 3.18 1.66
 6.48 4.47
 1.84 1.35
 1.12 0.80
 0.97 1.11
 1.84 1.28
 1.82 1.66
 0.45 0.82
 0.21 0.94
 2.21 1.74
 0.37 0.57
 1.56 2.67
 1.18 1.42
 2.12 1.53
 0.29 0.75
 0.80 0.90
 0.64 1.54
 0.58 0.27
 0.68 1.29
 1.38 0.99
 4.57 4.12
 1.05 0.46
 3.13 2.53
 4.29 3.68
 2.90 1.65
 0.70 0.89
 2.24 1.18
 2.25 1.20
 1.51 1.01
 0.18 0.55
 3.10 2.69
 5.29 4.62
 0.26 0.33
 0.62 1.00
 0.70 3.07
 2.11 1.34
 2.83 3.08
 1.58 1.29
 1.28 0.94
 1.08 0.68
 0.04 0.32
 3.22 1.92
 1.23 1.13
 1.21 1.16
 1.29 1.47
 2.20 4.06
 0.63 2.18
 0.32 0.86
 0.86 1.17
 0.56 0.89
 1.73 2.57
 2.36 1.43
 3.63 3.06
 4.49 2.87
 0.54 1.28
 2.77 2.39
 0.64 1.20
 0.49 -0.16
 0.46 -0.02
 0.72 1.05
 0.54 1.13
 0.56 0.55
 1.25 3.07
 0.02 0.91
 0.72 0.35
 0.87 0.52
 4.46 2.68
 0.18 0.88
 2.20 2.32
 6.72 3.43
 0.69 1.33
 1.95 1.79
 0.68 0.52
 1.23 1.11
 3.84 2.33
 1.40 1.28
 0.19 0.43
 2.26 1.63
 0.96 1.05
 1.14 0.68
 0.58 1.69
 1.41 1.20
 0.89 0.23
 0.17 0.38
 4.37 3.04
 0.65 1.09
 1.52 0.74
 0.14 0.40
 1.44 1.64
 1.20 1.62
 0.12 0.48
 0.37 0.69
 1.32 2.58
 0.01 -0.02
 1.27 1.35
 1.20 0.82
 1.15 1.26
 0.49 0.70
 1.73 0.86
 0.13 0.54
 2.36 1.56
 2.43 2.19
 3.24 1.82
 0.84 1.02
 1.90 1.77
 0.60 0.87
 1.29 1.17
 0.27 1.06
 0.37 0.76
 0.31 2.13
 1.20 0.94
 1.60 2.59
 2.51 1.49
 2.84 2.11
 1.42 1.25
 2.47 2.07
 1.32 0.94
 1.31 1.27
 1.78 1.33
 1.00 1.11
 1.93 2.00
 0.10 0.32
 1.85 1.94
 0.28 0.70
 0.36 1.13
 1.93 1.83
 1.53 1.35
 0.82 0.74
 1.30 0.72
 3.48 4.09
 1.33 1.39
 0.32 0.48
 1.46 1.41
 1.07 0.48
 0.43 0.83
 2.68 2.22
 0.21 0.36
 1.22 1.46
 0.56 1.24
 0.15 0.69
 5.40 4.05
 0.50 1.02
 0.31 -0.18
 2.71 2.61
 1.32 0.93
 0.61 0.96
 0.74 1.33
 0.44 1.46
 1.21 1.25
 0.93 1.18
 1.36 1.24
 1.12 0.88
 1.09 0.82
 0.18 0.53
 0.47 0.47
 1.21 0.87
 3.67 2.59
 0.63 0.73
 1.67 1.00
 1.19 0.77
 1.36 1.25
 3.97 2.80
 1.14 1.74
 1.35 1.17
 1.85 1.14
 1.29 0.79
 0.42 0.66
 0.71 0.25
 2.77 2.22
 1.49 0.78
 2.35 1.72
 0.22 1.84
 0.80 1.32
 1.61 0.91
 1.79 1.05
 0.26 0.17
 2.32 1.45
 1.42 1.20
 5.52 3.28
 4.92 3.33
 2.89 1.94
 1.46 2.03
 1.07 1.25
 2.72 1.50
 0.20 1.45
 0.58 2.20
 1.25 3.48
 2.93 2.19
 0.42 2.84
 3.50 2.23
 3.06 2.61
 0.48 0.13
 3.18 2.81
 1.84 1.74
 0.73 1.81
 2.17 2.25
 0.31 0.73
 2.35 1.35
 1.54 0.78
 2.31 1.24
 0.62 0.77
 0.67 0.51
 2.09 2.43
 2.00 1.22
 4.88 2.88
 4.31 3.50
 0.75 0.81
 1.24 2.34
 0.27 1.28
 0.47 0.72
 0.50 0.90
 0.68 0.51
 0.25 0.66
 0.50 0.08
 1.05 1.00
 5.60 2.95
 1.19 0.87
 2.67 2.53
 1.12 0.70
 0.46 0.34
 1.32 0.96
 1.20 0.99
 0.61 0.36
 0.97 1.24
 1.65 2.25
 0.12 0.68
 0.32 0.88
 0.68 1.43
 2.80 1.77
 0.82 0.71
 0.49 1.01
 2.28 3.39
 2.25 1.38
 2.44 2.42
 2.28 2.90
 2.22 1.62
 1.89 2.02
 2.77 2.41
 0.98 1.47
 2.23 1.89
 1.80 2.76
 2.28 1.70
 1.86 1.10
 0.20 0.18
 1.21 1.19
 1.82 0.92
 1.22 1.80
 1.86 1.42
 0.88 1.06
 1.52 1.48
 0.83 1.71
 1.06 0.73
 4.11 2.46
 0.36 1.11
 0.74 0.64
 1.16 0.80
 0.17 0.94
 1.14 0.84
 4.67 4.51
 1.94 1.37
 0.81 0.85
 1.86 1.53
 2.26 3.89
 3.05 1.89
 0.51 0.36
 2.11 1.82
 2.32 2.10
 0.23 1.91
 2.69 1.83
 1.86 1.79
 2.00 1.66
 0.46 0.81
 2.13 1.66
 0.47 0.50
 0.67 1.11
 0.57 0.47
 1.26 1.13
 2.26 2.04
 2.94 3.67
 0.71 0.54
 1.53 0.84
 0.47 2.70
 2.09 1.65
 2.60 1.59
 0.75 0.39
 3.34 2.11
 1.78 1.37
 0.36 0.73
 1.66 2.03
 1.55 2.47
 1.08 1.20
 0.17 0.51
 0.21 1.53
 0.39 0.84
 0.39 0.96
 1.32 1.14
 1.04 1.30
 0.48 1.15
 3.83 2.28
 1.64 1.94
 2.20 1.74
 0.29 1.18
 2.33 1.85
 0.96 1.00
 2.22 0.75
 2.08 1.57
 0.47 0.70
 3.49 1.98
 4.43 3.15
 1.48 1.13
 1.96 1.43
 0.97 1.00
 1.02 0.71
 2.72 1.87
 0.76 0.48
 1.24 1.31
 0.70 1.36
 0.73 0.78
 1.80 1.05
 1.26 1.17
 1.77 2.72
 0.95 1.23
 0.47 0.51
 2.62 1.65
 1.31 1.49
 2.99 2.33
 0.58 0.72
 1.66 1.20
 1.66 1.64
 0.87 0.94
 1.07 0.89
 1.50 0.97
 2.19 2.36
 1.43 1.70
 1.22 0.65
 0.96 0.94
 0.74 1.05
 0.56 0.77
 0.56 0.66
 0.16 0.43
 2.02 1.76
 2.28 1.72
 0.67 2.11
 3.05 2.49
 0.77 0.64
 2.81 3.75
 2.43 3.19
 2.38 3.15
 0.88 0.80
 2.32 3.15
 1.52 1.23
 1.24 0.85
 1.71 1.49
 0.47 1.62
 0.64 0.55
 1.33 1.31
 2.00 3.48
 0.24 0.61
 0.52 0.60
 2.51 3.51
 1.24 1.60
 1.25 2.06
 0.85 0.92
 0.47 0.41
 0.54 1.26
 0.51 0.57
 0.44 0.68
 0.95 1.40
 2.04 1.54
 0.31 0.46
 1.01 0.44
 0.49 0.74
 1.27 0.67
 1.74 1.50
 1.34 0.81
 3.24 2.41
 0.50 1.72
 0.64 0.37
 1.37 0.76
 2.06 1.42
 1.07 3.30
 0.16 0.60
 1.40 2.02
 2.38 1.44
 4.87 3.89
 0.86 1.03
 0.34 0.53
 0.83 1.46
 1.44 1.20
 0.33 0.35
 2.02 1.25
 1.46 1.21
 0.39 0.81
 2.93 2.58
 0.69 0.74
 1.47 1.74
 1.47 1.45
 0.83 0.74
 0.13 0.04
 1.81 1.31
 3.01 2.45
 0.50 0.54
 2.44 1.79
 0.13 0.14
 0.30 0.41
 2.64 2.36
 0.21 -0.08
 0.46 0.79
 3.16 3.26
 1.57 1.29
 2.11 1.43
 0.43 0.93
 0.82 0.89
 0.56 0.15
 0.17 0.56
 1.53 1.98
 0.33 0.93
 0.61 1.39
 0.29 0.80
 1.42 1.17
 3.93 3.65
 1.24 1.00
 0.44 0.41
 0.44 -0.24
 0.71 2.99
 2.72 2.07
 1.16 1.15
 1.33 1.40
 0.51 1.38
 0.72 0.89
 0.77 0.55
 2.58 2.35
 1.01 1.71
 0.82 0.87
 0.86 0.94
 1.96 1.79
 2.27 2.11
 0.88 1.50
 0.76 0.94
 0.34 0.73
 0.93 0.76
 0.29 0.57
 0.87 0.23
 1.38 0.84
 1.41 1.54
 0.73 0.35
 0.57 1.63
 2.13 1.26
 0.52 0.72
 1.50 0.89
 1.32 3.10
 1.47 1.18
 0.87 0.93
 3.07 2.49
 1.21 1.17
 0.55 0.68
 0.92 1.36
 2.14 1.35
 0.85 0.41
 1.62 1.13
 5.11 3.96
 1.20 1.77
 0.47 3.00
 1.39 1.48
 1.63 1.67
 0.46 0.77
 2.49 1.23
 0.11 0.36
 0.60 0.63
 1.03 1.42
 4.58 3.18
 4.08 2.90
 0.30 0.83
 1.19 1.38
 3.87 2.52
 3.95 2.70
 2.20 1.38
 0.76 2.62
 3.11 2.20
 3.15 2.43
 0.22 1.22
 1.80 1.24
 2.00 1.43
 0.67 1.25
 4.85 3.17
 0.28 -0.02
 0.10 0.45
 0.76 0.64
 2.72 3.12
 0.49 0.93
 0.38 0.50
 0.69 2.16
 1.25 1.29
 0.53 0.95
 1.20 0.49
 0.62 0.95
 2.16 1.07
 3.08 2.12
 0.55 0.94
 1.71 2.88
 1.08 0.57
 0.40 0.73
 0.64 0.83
 0.56 0.71
 1.20 0.74
 0.28 1.10
 0.78 0.91
 0.25 0.54
 1.02 0.95
 1.78 2.30
 2.05 4.04
