 1.18 0.98
 0.67 0.75
 1.04 1.17
 2.41 2.79
 0.64 -0.05
 0.74 0.81
 0.38 0.14
 0.16 0.35
 0.44 1.18
 3.62 2.98
 0.95 0.81
 0.70 0.50
 0.62 1.20
 0.67 0.59
 2.78 2.82
 0.07 -0.07
 0.37 1.00
 0.56 0.73
 1.72 1.35
 5.30 4.85
 1.40 1.45
 0.91 0.76
 0.31 0.42
 0.58 1.06
 3.17 3.33
 0.73 1.81
 3.30 3.04
 1.32 1.19
 0.47 0.60
 0.40 1.07
 2.51 2.12
 0.38 2.69
 1.30 1.12
 2.80 2.30
 4.88 3.25
 2.08 1.97
 0.49 0.89
 2.34 2.35
 0.80 0.89
 1.64 1.37
 1.02 1.41
 0.15 -0.20
 1.70 1.57
 0.17 -0.78
 1.42 0.73
 1.62 1.53
 1.37 0.97
 0.82 1.20
 1.81 1.01
 0.40 0.36
 4.41 3.51
 1.59 1.20
 2.22 1.78
 0.82 0.75
 0.52 1.47
 0.86 1.06
 2.11 1.61
 3.32 2.34
 0.92 0.27
 1.19 0.67
 1.47 1.06
 1.63 1.49
 0.28 0.97
 0.60 0.75
 0.27 1.54
 1.09 2.38
 2.40 2.96
 0.15 0.37
 1.29 2.51
 3.54 2.29
 0.21 0.25
 4.57 3.59
 1.11 1.12
 0.85 0.78
 1.00 1.08
 0.83 1.09
 3.14 1.91
 1.19 1.89
 0.29 1.29
 0.33 0.49
 0.97 0.89
 0.90 1.17
 0.77 1.13
 0.26 -0.18
 0.72 0.73
 0.93 0.90
 0.46 1.75
 3.02 2.40
 0.65 0.95
 1.01 0.08
 0.55 1.33
 4.90 3.86
 0.68 0.76
 0.55 0.20
 3.05 3.56
 0.36 0.84
 1.09 6.23
 0.61 1.44
 2.04 2.77
 0.24 0.61
 1.56 2.37
 3.38 2.51
 4.59 3.53
 0.09 0.48
 0.70 0.72
 2.13 1.49
 0.46 0.29
 0.77 1.02
 0.47 0.49
 0.48 0.88
 1.05 1.30
 1.24 1.71
 0.39 0.56
 1.03 0.58
 1.14 0.91
 1.23 0.81
 0.49 0.87
 0.95 0.80
 0.99 1.09
 1.05 1.32
 0.38 0.99
 0.42 0.57
 3.53 1.82
 3.60 2.29
 0.60 1.87
 0.89 1.04
 3.64 2.69
 3.21 2.00
 0.13 1.85
 0.99 1.83
 2.24 1.49
 0.90 0.75
 1.54 1.07
 3.35 2.51
 3.24 2.48
 2.02 1.30
 0.17 0.14
 3.14 2.57
 1.76 0.72
 2.39 2.67
 0.34 0.33
 1.96 2.20
 0.95 0.53
 1.68 1.16
 2.73 2.20
 2.34 1.88
 1.18 1.03
 0.88 1.00
 0.31 0.45
 0.46 1.27
 0.75 1.88
 2.42 3.31
 1.98 1.15
 0.32 0.78
 0.50 0.63
 0.45 0.72
 0.99 0.70
 0.98 2.50
 1.24 1.59
 0.92 1.96
 1.32 0.71
 1.11 0.47
 1.22 0.74
 0.84 1.61
 0.67 1.50
 0.87 1.65
 2.60 2.54
 2.09 2.12
 0.38 0.26
 2.75 2.15
 0.85 0.31
 1.61 1.42
 2.44 1.74
 0.18 0.03
 0.84 1.13
 0.88 1.75
 1.16 0.86
 0.73 1.76
 1.47 1.63
 0.14 0.59
 2.09 3.51
 1.66 1.46
 1.96 2.14
 1.91 0.90
 0.53 1.61
 2.75 2.12
 0.92 1.84
 0.45 0.45
 0.59 0.95
 0.45 0.46
 0.55 1.09
 1.00 1.98
 3.14 2.55
 0.61 1.01
 2.46 2.31
 0.36 2.10
 0.29 0.80
 1.76 1.06
 0.83 0.70
 0.32 1.40
 0.82 0.63
 0.55 0.69
 3.17 2.60
 1.47 1.10
 0.13 0.49
 1.91 3.63
 3.49 2.73
 3.63 2.70
 0.44 0.88
 0.60 0.58
 0.65 0.79
 0.82 0.81
 1.70 1.54
 0.59 2.94
 0.30 1.08
 0.39 0.23
 0.76 1.88
 2.02 4.22
 1.97 2.38
 0.44 1.66
 1.78 0.84
 0.45 0.61
 1.10 1.27
 1.14 1.24
 0.86 0.44
 0.63 0.95
 0.84 1.41
 0.21 1.23
 0.20 0.92
 0.27 0.69
 0.25 1.59
 0.84 1.69
 1.90 2.12
 0.29 1.34
 2.21 1.66
 4.03 4.30
 0.25 1.39
 3.66 3.10
 0.46 1.07
 2.31 1.69
 2.51 2.15
 0.43 0.91
 0.19 -0.42
 0.23 0.62
 1.03 0.60
 0.97 0.85
 1.14 1.65
 0.82 0.64
 0.47 0.54
 0.40 0.57
 0.56 1.40
 1.17 1.13
 0.72 1.93
 1.18 1.63
 2.46 2.08
 1.62 1.51
 1.79 2.21
 2.50 2.95
 0.18 0.43
 0.32 0.34
 1.47 0.94
 2.57 1.87
 1.08 1.05
 1.28 1.79
 0.15 0.28
 0.25 0.22
 2.79 2.20
 3.19 2.00
 0.28 0.23
 0.63 0.68
 1.72 1.82
 2.19 1.66
 4.88 4.38
 1.91 1.71
 0.22 0.12
 0.64 0.65
 0.83 1.46
 0.87 0.63
 2.08 2.48
 0.93 0.93
 0.70 0.65
 5.37 3.04
 0.46 0.47
 1.69 1.60
 0.40 0.64
 2.67 1.97
 0.41 1.71
 2.76 2.17
 2.12 2.21
 0.54 0.21
 0.93 0.86
 0.26 0.16
 1.64 1.84
 1.29 0.83
 0.24 0.99
 0.97 0.88
 0.70 -1.10
 4.81 2.85
 1.97 1.54
 3.33 2.77
 0.94 2.56
 1.38 1.29
 2.59 2.29
 1.43 1.38
 0.69 1.21
 1.75 1.03
 1.00 0.89
 2.62 1.86
 0.42 -0.03
 2.42 2.34
 0.93 1.63
 0.64 1.56
 0.07 0.38
 2.99 2.39
 2.57 3.20
 1.68 1.47
 3.31 3.13
 4.38 3.67
 1.63 2.37
 0.58 0.90
 0.43 -0.23
 3.05 2.59
 3.04 2.48
 2.26 1.87
 3.84 2.88
 0.82 0.86
 3.26 2.53
 3.22 2.61
 0.56 0.69
 0.39 0.86
 0.70 0.93
 3.73 2.75
 0.38 0.64
 1.31 1.41
 3.17 2.70
 1.08 1.60
 1.07 2.49
 2.98 2.12
 0.40 0.56
 2.29 1.92
 3.32 2.91
 1.90 2.04
 0.75 1.69
 0.41 0.95
 1.37 0.30
 0.83 0.79
 0.78 0.90
 0.53 2.13
 0.36 1.37
 1.17 0.76
 2.23 1.42
 1.55 1.36
 0.64 0.31
 4.73 3.49
 3.49 4.16
 2.94 2.98
 2.37 2.12
 1.64 1.22
 0.75 1.94
 0.56 1.15
 3.71 3.10
 1.13 1.52
 1.61 2.24
 1.74 1.65
 1.29 0.77
 0.87 0.90
 2.52 1.32
 3.04 2.97
 1.06 1.91
 2.13 1.68
 3.17 4.18
 0.97 0.48
 1.01 1.38
 2.42 3.47
 0.30 0.92
 2.51 2.23
 0.72 1.07
 1.53 2.00
 1.20 1.28
 1.88 1.12
 0.80 0.65
 3.16 2.43
 1.20 1.29
 1.23 1.76
 3.64 4.07
 1.04 1.47
 0.47 0.91
 0.05 0.63
 1.79 2.30
 0.88 0.12
 1.07 0.94
 0.59 0.66
 1.24 1.78
 2.16 1.27
 0.62 -0.70
 0.22 0.32
 0.76 0.75
 1.27 0.87
 0.96 2.27
 0.54 0.78
 3.52 2.86
 0.95 0.87
 2.48 2.13
 0.87 0.15
 0.10 0.33
 0.47 0.29
 0.89 1.32
 1.54 0.80
 1.67 1.32
 0.67 0.63
 2.63 1.90
 0.77 0.69
 0.82 0.73
 0.49 0.66
 2.68 1.47
 0.85 0.73
 0.23 0.52
 4.08 3.86
 2.74 2.74
 0.04 -0.93
 0.64 1.30
 1.42 1.25
 3.08 2.53
 2.99 2.10
 2.87 2.20
 0.48 0.91
 2.08 1.72
 0.24 0.65
 0.70 0.90
 0.51 0.68
 0.37 1.49
 1.33 1.44
 1.02 2.36
 1.53 1.64
 0.77 -2.29
 2.29 1.00
 0.69 0.55
 0.84 0.53
 0.46 1.09
 0.33 1.01
 2.94 2.29
 1.18 0.82
 0.78 1.03
 4.45 3.29
 2.07 1.53
 1.15 1.12
 1.95 1.95
 3.71 2.96
 1.66 1.88
 2.68 0.84
 1.05 0.93
 0.74 0.87
 0.84 1.44
 0.91 1.91
 2.38 3.21
 1.71 1.54
 2.72 1.93
 1.26 0.68
 0.46 0.69
 5.13 2.82
 3.15 2.54
 1.28 0.81
 2.17 1.97
 0.16 0.82
 1.44 1.15
 0.85 1.82
 0.79 1.19
 0.64 0.88
 1.44 1.32
 2.62 2.43
 1.43 1.25
 1.33 1.09
 0.83 0.73
 3.35 3.01
 1.40 0.86
 0.78 1.07
 1.32 1.18
 1.18 0.89
 2.47 2.05
 2.19 0.80
 0.80 0.51
 1.06 0.50
 1.24 1.10
 0.80 0.47
 3.97 3.84
 1.81 1.26
 0.24 0.18
 2.58 3.34
 0.50 1.20
 1.32 1.15
 0.15 0.31
 1.24 0.90
 1.22 1.03
 0.71 1.42
 2.21 2.19
 1.08 0.91
 2.05 1.71
 1.84 1.55
 0.29 1.44
 5.25 3.04
 1.12 1.55
 3.78 2.41
 1.11 0.75
 5.76 3.69
 0.73 0.61
 1.49 0.77
 1.29 2.46
 1.88 0.92
 1.27 1.21
 1.20 2.10
 0.39 0.76
 0.75 0.28
 1.07 1.14
 0.14 0.34
 2.09 2.08
 0.36 0.31
 3.55 3.86
 2.60 2.14
 1.50 1.25
 1.29 1.14
 0.79 0.46
 0.82 1.20
 1.24 1.24
 1.23 2.14
 0.58 0.91
 1.24 1.16
 2.31 1.62
 2.98 1.95
 0.86 1.61
 1.01 1.29
 0.42 1.16
 1.11 0.87
 2.63 1.67
 2.89 2.58
 3.11 3.40
 2.30 1.97
 0.76 1.54
 3.79 2.83
 1.86 2.41
 0.23 -0.11
 0.44 0.69
 3.11 2.32
 2.78 4.75
 0.91 0.89
 0.52 0.97
 0.92 0.92
 2.27 1.52
 2.00 1.87
 0.62 1.35
 1.40 1.84
 2.23 2.24
 2.84 3.16
 2.95 1.90
 1.30 1.34
 0.36 0.09
 1.63 1.32
 0.73 1.09
 1.17 1.32
 1.20 2.20
 2.43 1.08
 0.61 0.99
 3.02 1.45
 2.46 2.55
 2.87 1.37
 1.46 1.21
 0.75 0.83
 2.14 1.23
 3.54 3.94
 1.37 1.64
 3.30 1.90
 0.75 0.91
 0.24 0.14
 2.92 2.04
 3.46 2.99
 4.63 3.44
 1.08 1.48
 3.78 2.66
 0.47 0.44
 0.78 0.71
 1.06 1.04
 0.73 3.13
 6.24 3.24
 0.89 1.14
 1.68 2.17
 6.51 3.13
 5.92 4.07
 0.51 1.58
 0.35 0.76
 1.18 1.06
 1.24 1.10
 0.49 0.62
 0.79 0.64
 0.39 0.27
 0.82 0.69
 0.47 0.15
 2.49 2.26
 3.18 2.62
 3.66 2.11
 2.75 2.36
 3.42 2.66
 3.76 3.30
 0.60 0.42
 2.10 2.44
 2.29 1.63
 1.24 1.39
 3.16 2.69
 3.13 2.46
 1.96 1.76
 1.07 1.06
 1.36 1.96
 1.52 0.93
 1.26 1.41
 0.83 1.12
 0.56 3.05
 1.99 1.63
 0.62 1.32
 1.96 1.22
 0.63 0.48
 2.09 1.24
 1.35 1.32
 2.00 1.97
 0.50 0.92
 3.03 2.06
 1.06 1.45
 0.17 0.66
 0.53 0.34
 0.47 0.80
 2.32 2.55
 0.57 0.75
 4.00 3.30
 2.05 1.23
 0.29 2.31
 1.71 1.50
 3.97 2.81
 0.21 0.90
 2.93 2.81
 1.24 1.40
 0.17 0.04
 0.53 0.53
 0.85 0.81
 0.74 2.51
 0.49 0.35
 0.46 0.26
 3.46 2.60
 2.12 2.60
 1.81 1.09
 2.60 1.72
 0.18 0.78
 2.58 2.64
 1.35 0.76
 0.47 0.94
 0.26 1.45
 1.98 1.55
 1.06 0.65
 1.87 1.65
 0.43 0.68
 1.60 0.69
 0.76 0.96
 2.02 1.85
 0.73 1.68
 0.98 1.30
 1.24 2.77
 1.77 1.10
 2.09 1.83
 0.07 0.29
 0.74 1.37
 2.02 1.60
 1.70 1.60
 1.59 0.99
 1.40 0.54
 1.65 0.89
 2.25 2.47
 1.94 1.44
 1.21 1.72
 2.26 2.04
 2.71 2.01
 1.65 1.31
 1.19 1.36
 0.46 0.83
 0.50 0.42
 0.66 0.73
 2.78 3.06
 1.99 1.64
 0.83 0.31
 2.06 2.08
 3.90 2.89
 0.31 1.38
 0.97 0.85
 0.47 0.87
 1.81 1.91
 4.66 4.36
 3.02 1.42
 0.96 1.09
 0.64 0.60
 1.41 1.30
 1.20 1.06
 0.38 0.48
 2.35 2.04
 1.36 0.71
 2.35 1.94
 1.58 1.57
 2.50 1.82
 0.23 0.38
 1.74 1.08
 0.89 0.86
 2.23 1.84
 0.83 0.76
 4.82 3.33
 1.03 0.94
 0.84 1.19
 5.38 1.66
 1.08 0.52
 1.69 2.13
 0.30 0.58
 2.84 2.15
 0.86 1.14
 1.64 1.19
 1.43 0.72
 1.77 1.32
 1.00 0.46
 0.31 0.76
 0.32 1.09
 0.33 0.40
 3.04 2.59
 0.21 -0.10
 1.49 0.84
 2.62 1.35
 2.97 3.59
 0.24 0.62
 1.04 0.45
 1.77 1.87
 0.28 0.24
 2.35 1.81
 1.85 0.87
 3.18 2.39
 0.26 0.68
 1.32 1.21
 0.57 3.11
 1.56 1.90
 0.53 0.55
 2.21 2.07
 1.84 1.17
 0.59 -0.05
 1.45 1.45
 0.90 0.70
 2.23 1.43
 1.58 1.57
 2.16 3.52
 2.12 1.36
 3.05 1.80
 0.29 0.95
 0.68 0.35
 3.30 3.00
 1.36 0.91
 2.69 1.93
 0.36 0.77
 2.16 1.04
 2.05 1.07
 0.91 0.89
 1.73 1.23
 0.28 0.11
 0.23 0.69
 0.88 1.73
 2.18 1.99
 3.30 2.86
 1.86 1.68
 1.57 1.94
 1.73 1.33
 4.38 3.35
 2.88 2.16
 0.73 0.87
 0.66 1.09
 1.13 -1.69
 0.89 0.48
 0.72 1.00
 1.34 1.88
 5.39 3.17
 2.32 1.46
 2.64 3.35
 3.88 2.40
 2.81 2.30
 2.72 1.44
 0.57 1.27
 1.71 2.23
 0.92 1.07
 0.37 0.53
 0.88 1.06
 0.85 0.48
 0.93 0.61
 2.83 2.31
 2.23 1.84
 3.29 2.06
 0.96 0.74
 1.73 1.05
 0.61 0.89
 1.36 1.35
 0.72 0.59
 0.33 0.70
 0.57 0.57
 1.78 2.30
 1.88 1.17
 1.02 1.46
 1.05 1.15
 1.86 1.30
 2.16 1.69
 3.14 3.75
 1.71 0.86
 0.16 0.18
 1.05 2.67
 2.69 2.44
 0.40 0.82
 1.60 1.71
 2.33 1.18
 2.27 1.26
 0.90 0.86
 0.95 1.73
 0.56 0.33
 5.52 3.34
 1.87 2.28
 4.71 4.17
 2.83 2.30
 0.91 1.44
 1.30 2.03
 1.65 1.15
 0.46 0.47
 0.73 1.31
 1.12 0.78
 1.70 1.81
 2.79 2.83
 1.08 1.00
 0.70 1.23
 1.00 1.19
 2.44 1.94
 1.65 1.62
 0.35 1.63
 0.25 1.52
 3.80 2.64
 0.93 1.04
 0.86 0.82
 0.97 0.92
 0.75 0.98
 0.96 1.07
 3.19 2.78
 1.62 2.52
 1.28 0.94
 2.42 1.40
 3.81 3.13
 0.39 0.78
 3.47 2.24
 3.50 1.84
 0.46 0.66
 0.60 -1.04
 2.91 1.86
 3.30 3.42
 2.94 2.60
 2.43 3.39
 1.28 0.90
 1.77 1.70
 1.60 1.49
 1.20 1.59
 0.81 0.89
 1.94 1.78
 1.65 1.58
 0.30 0.73
 0.50 1.17
 2.33 2.27
 1.24 1.35
 2.30 1.74
 1.79 2.36
 0.55 2.42
 1.90 1.98
 0.08 0.39
 0.80 0.91
 0.64 1.27
 1.61 0.88
 1.59 1.36
 1.20 0.75
 1.59 1.44
 2.38 1.83
 0.37 1.38
 1.52 0.97
 1.09 0.92
 0.11 0.85
 1.27 1.43
 1.24 1.20
 3.37 4.84
 0.77 0.70
 1.17 1.18
 1.80 1.89
 0.56 0.73
 1.73 2.63
 4.32 2.80
 0.53 0.71
 1.75 1.79
 1.92 2.12
 0.55 0.94
 0.49 0.82
 0.76 1.11
 1.30 0.82
 0.87 0.82
 0.25 1.03
 3.29 3.47
 1.57 0.55
 1.31 0.96
 2.47 2.21
 0.12 0.35
 0.65 0.95
 1.52 1.00
 1.16 0.77
 1.16 0.86
 0.96 1.02
 1.85 2.15
 4.31 3.43
 1.50 1.48
 1.39 1.50
 1.93 1.11
 1.09 0.87
 3.04 3.38
 4.27 3.74
 0.72 0.75
 1.43 1.63
 1.58 2.61
 1.40 1.65
 0.70 1.41
 0.22 1.24
 1.42 0.51
 1.22 1.30
 0.60 0.41
 0.94 0.90
 2.03 1.09
 2.60 1.78
 2.23 1.86
 0.53 0.63
 1.48 1.05
 1.06 0.76
 2.30 2.30
 1.06 1.01
 1.50 1.06
 1.24 1.58
 1.90 2.06
 0.09 1.23
 0.77 0.57
 0.80 0.52
 1.62 1.07
 1.21 0.67
 0.29 0.85
 2.64 2.15
 0.23 0.38
 3.84 4.10
 1.29 1.46
 1.48 1.95
 1.49 0.87
 0.75 1.40
 0.88 1.47
 0.58 1.45
 2.42 1.74
 3.63 2.91
 1.50 0.97
 0.79 2.02
 1.53 0.85
 1.06 1.09
 0.78 1.61
 0.68 2.10
 1.25 0.73
 0.38 0.59
 0.77 1.37
 0.45 1.17
 2.00 2.62
 2.25 1.96
 0.54 0.56
 1.48 1.06
 1.22 0.99
 0.13 0.06
 0.66 1.56
 2.05 1.61
 0.26 0.58
 1.02 1.56
 0.40 0.32
 0.88 0.94
 0.74 0.70
 3.47 3.15
 0.61 1.34
 2.37 2.85
 0.53 2.50
 0.55 0.75
 1.15 1.12
 0.75 0.70
 2.70 1.47
 0.71 0.84
 2.71 3.07
 1.90 1.97
 1.78 2.32
 1.64 1.14
 0.58 1.62
 1.55 0.92
 1.10 0.73
 0.74 0.63
 3.48 1.97
 1.25 1.00
 0.19 0.73
 0.73 0.21
 4.98 3.36
 1.80 1.18
 2.34 1.90
 0.46 0.27
 2.24 1.30
 0.78 1.24
 1.12 0.72
 0.37 0.32
 0.54 1.26
 0.71 1.01
 1.78 1.95
 0.99 1.48
 2.64 1.64
 1.54 0.91
 1.21 1.19
 0.36 0.81
 0.49 1.05
 1.33 1.31
 0.70 2.51
 2.04 2.38
 2.25 1.58
 2.91 1.91
 0.41 1.02
 0.39 0.68
 2.11 2.08
 2.48 1.66
 3.05 2.09
 2.36 2.63
 0.75 0.60
 1.89 1.45
 1.86 1.25
 0.33 0.33
 0.72 1.16
 0.60 1.09
 0.59 0.53
 3.56 2.77
 0.89 1.35
 1.52 1.39
 0.73 0.89
 0.71 1.99
 0.31 0.72
 2.54 2.51
 0.94 2.74
 0.71 0.33
 5.10 1.15
 1.08 0.99
 2.81 2.26
 1.03 1.40
 1.29 1.07
 1.58 1.33
 1.35 3.23
 0.10 -2.90
 5.65 3.80
 1.25 3.32
 2.26 1.82
 0.92 1.53
 2.24 2.77
 2.34 3.24
 0.69 0.78
 0.92 0.88
 0.66 0.55
 2.32 1.41
 2.58 1.68
 0.90 0.46
 1.10 -0.38
 0.81 0.74
 1.22 1.41
 2.50 1.51
 0.57 1.51
 2.71 1.89
 0.36 1.13
 0.13 0.85
 0.67 2.20
 1.12 0.79
 3.31 3.31
 1.06 1.17
 0.41 1.59
 4.46 3.73
 1.44 1.91
 1.58 2.59
 1.21 1.22
 1.96 1.29
 1.32 1.65
 2.74 2.43
 0.53 1.13
 0.71 0.92
 0.35 1.08
 1.48 1.18
 1.96 1.82
 5.15 2.67
 3.60 3.12
 2.56 3.37
 0.92 1.29
 2.20 2.89
 1.08 1.46
 0.43 0.54
 2.73 2.52
 1.07 0.54
 0.18 0.85
 0.97 0.78
 0.48 0.84
 0.79 2.32
 0.80 1.25
 1.12 0.95
 1.42 0.84
 2.81 4.31
 2.71 2.08
 1.41 3.66
 2.15 1.80
 0.83 0.10
 1.18 0.56
 2.68 1.71
 0.18 0.63
 0.17 -0.24
 0.38 1.33
 4.02 3.45
 4.22 2.56
 3.51 2.25
 1.16 1.07
 0.09 0.80
 0.87 3.30
 0.64 1.10
 1.86 1.56
 0.45 0.65
 0.68 1.37
 0.53 0.69
 0.19 0.24
 3.50 3.49
 0.28 1.15
 2.30 2.25
 2.01 1.87
 5.74 4.94
 0.36 0.92
 2.51 3.70
 4.70 3.47
 0.70 0.35
 0.34 0.57
 2.36 1.73
 1.62 1.00
 1.38 1.08
 2.91 2.67
 1.74 1.31
 0.91 0.91
 2.93 5.90
 2.21 1.94
 3.16 4.35
 0.74 1.17
 0.58 0.42
 1.47 1.11
 1.25 2.35
 0.73 0.31
 1.24 1.68
 0.35 0.40
 1.07 3.34
 0.89 0.91
 0.77 1.23
 0.95 0.72
 1.08 0.50
 2.03 1.77
 3.31 2.25
 0.81 1.57
 6.44 4.00
 1.34 0.95
 0.80 0.67
 0.13 0.26
 1.59 2.07
 2.78 1.88
 0.46 0.60
 0.22 -0.05
 2.90 3.08
 0.98 0.97
 2.21 1.73
 0.81 1.09
 2.14 1.90
 1.81 1.78
 1.74 1.41
 0.40 0.75
 2.81 2.80
 1.98 2.09
 0.37 0.53
 1.60 1.12
 2.63 2.71
 2.98 2.13
 5.39 4.27
 0.49 0.87
 3.49 3.38
 0.26 0.73
 0.32 -0.22
 0.50 0.44
 0.75 1.01
 0.53 1.15
 0.20 0.96
 2.67 2.68
 0.31 1.10
 2.58 2.19
 1.76 1.66
 2.48 2.87
 2.74 2.32
 2.45 3.09
 1.16 1.28
 0.50 0.75
 1.99 1.95
 2.74 3.50
 0.80 1.09
 1.03 0.60
 0.67 0.85
 0.46 1.53
 2.28 1.36
 1.11 1.40
 0.41 1.15
 0.58 0.52
 0.87 1.35
 0.47 1.76
 0.32 -0.04
 1.15 1.41
 0.66 0.88
 3.56 2.13
 0.32 0.46
 2.90 1.95
 3.04 2.10
 1.91 1.60
 1.93 1.63
 0.92 0.96
 0.70 0.98
 0.69 0.49
 0.08 -0.13
 0.47 0.65
 2.94 2.13
 0.41 0.89
 0.03 0.59
 0.33 0.26
 0.85 2.36
 0.73 1.08
 2.55 1.19
 1.09 0.92
 3.87 2.98
 0.45 0.27
 2.00 1.36
 0.83 1.02
 2.90 2.04
 0.05 -1.06
 6.32 4.09
 0.26 1.67
 0.52 1.04
 2.43 2.17
 1.00 1.43
 0.94 0.80
 0.25 0.62
 0.78 0.38
 2.30 2.93
 1.10 0.62
 1.41 0.88
 0.99 0.88
 2.52 2.58
 0.49 0.94
 2.57 2.32
 0.78 4.18
 1.23 1.03
 0.17 0.83
 2.14 1.44
 1.79 1.53
 2.42 2.06
 0.87 0.94
 3.39 2.59
 3.73 3.87
 1.30 1.31
 2.73 2.75
 2.59 2.92
 0.63 1.17
 1.45 1.94
 0.80 1.47
 2.50 1.82
 1.96 1.56
 0.55 1.05
 1.01 1.24
 2.55 2.32
 0.30 0.76
 1.70 0.91
 0.91 1.14
 1.66 1.45
 2.31 2.59
 1.04 1.51
 0.96 0.63
 6.81 3.37
 0.40 0.39
 1.13 1.41
 0.93 0.86
 0.75 0.63
 0.81 0.93
 3.63 3.12
 0.81 0.89
 4.22 2.70
 0.20 0.91
 2.51 0.99
 0.47 1.62
 1.90 1.67
 0.49 0.97
 0.51 1.12
 0.22 0.41
