 0.87 0.86
 3.18 3.17
 0.65 0.63
 1.09 1.08
 1.28 1.27
 1.00 0.99
 0.38 0.36
 0.72 0.70
 1.01 1.00
 0.29 0.29
 1.58 1.58
 0.56 0.53
 1.07 1.06
 1.92 1.89
 0.73 0.72
 0.43 0.41
 0.86 0.85
 0.79 0.78
 1.00 0.99
 2.40 2.38
 1.52 1.50
 2.31 2.29
 0.30 0.27
 0.09 0.10
 5.58 5.61
 1.04 1.03
 1.57 1.56
 0.70 0.70
 0.33 0.30
 1.97 1.97
 4.98 4.97
 1.17 1.16
 0.76 0.75
 0.36 0.35
 3.01 3.01
 1.29 1.27
 2.02 2.00
 0.78 0.76
 0.45 0.44
 0.38 0.35
 0.36 0.34
 1.88 1.86
 0.71 0.69
 1.89 1.87
 2.04 2.02
 1.62 1.61
 3.79 3.77
 1.46 1.45
 1.01 1.00
 2.27 2.25
 0.67 0.63
 2.21 2.20
 0.53 0.51
 0.87 0.85
 1.00 0.99
 1.44 1.42
 1.48 1.46
 2.99 2.97
 1.82 1.79
 1.09 1.08
 1.75 1.73
 1.49 1.47
 2.36 2.35
 0.70 0.69
 0.42 0.40
 0.53 0.51
 0.29 0.27
 2.79 2.76
 3.92 3.91
 0.25 0.24
 1.94 1.93
 1.91 1.90
 2.16 2.14
 0.46 0.43
 2.05 2.04
 0.39 0.38
 1.28 1.25
 1.42 1.40
 0.75 0.71
 1.15 1.12
 0.99 0.98
 1.96 1.95
 0.60 0.58
 1.02 1.01
 1.27 1.25
 0.73 0.70
 0.82 0.81
 0.59 0.56
 2.15 2.12
 1.09 1.07
 2.08 2.06
 0.70 0.69
 1.07 1.04
 0.71 0.69
 0.25 0.24
 3.38 3.36
 1.85 1.84
 0.63 0.60
 0.21 0.22
 0.94 0.93
 0.63 0.61
 1.71 1.69
 0.44 0.41
 0.57 0.55
 0.47 0.46
 1.48 1.46
 0.76 0.74
 0.43 0.41
 6.68 6.74
 3.81 3.80
 0.82 0.81
 0.42 0.41
 2.54 2.52
 1.03 1.01
 0.51 0.48
 0.77 0.74
 1.15 1.14
 3.34 3.32
 0.02 0.03
 1.19 1.18
 1.34 1.32
 2.69 2.68
 2.93 2.90
 0.01 0.04
 1.09 1.08
 0.20 0.21
 0.94 0.92
 0.70 0.69
 1.71 1.70
 3.96 3.95
 0.69 0.67
 1.77 1.76
 0.39 0.37
 1.89 1.87
 1.08 1.05
 2.52 2.51
 0.82 0.80
 1.25 1.24
 3.41 3.39
 1.61 1.59
 2.33 2.31
 0.90 0.86
 2.29 2.27
 0.90 0.88
 2.75 2.73
 0.39 0.37
 0.92 0.89
 0.52 0.49
 1.57 1.56
 0.13 0.12
 0.10 0.09
 1.36 1.36
 0.97 0.96
 1.01 1.00
 0.69 0.68
 1.10 1.08
 2.60 2.58
 1.06 1.06
 0.66 0.64
 0.92 0.90
 0.94 0.93
 1.02 0.98
 0.82 0.81
 0.43 0.41
 3.61 3.59
 0.51 0.49
 0.75 0.73
 1.22 1.21
 0.75 0.73
 0.56 0.54
 2.59 2.57
 4.99 4.96
 2.15 2.13
 1.20 1.19
 1.92 1.90
 0.54 0.52
 1.25 1.23
 0.17 0.19
 2.85 2.83
 0.13 0.11
 1.08 1.05
 0.80 0.76
 1.15 1.14
 1.16 1.15
 0.73 0.72
 2.22 2.20
 1.52 1.52
 1.20 1.19
 0.59 0.55
 0.19 0.17
 0.56 0.53
 0.46 0.43
 0.31 0.30
 0.46 0.44
 0.43 0.41
 0.08 0.08
 0.22 0.24
 1.56 1.54
 3.56 3.55
 1.73 1.71
 1.24 1.24
 2.71 2.69
 0.38 0.36
 0.49 0.47
 0.98 0.97
 2.95 2.93
 0.68 0.67
 2.48 2.45
 0.29 0.28
 1.35 1.33
 2.16 2.14
 0.58 0.56
 4.29 4.26
 1.85 1.82
 0.83 0.82
 0.28 0.27
 1.78 1.77
 0.25 0.24
 3.70 3.69
 3.16 3.14
 1.28 1.27
 0.51 0.48
 0.18 0.16
 0.19 0.20
 0.64 0.61
 1.00 0.99
 5.22 5.20
 1.55 1.54
 0.83 0.82
 0.97 0.95
 4.12 4.11
 0.26 0.24
 0.60 0.57
 0.29 0.28
 2.84 2.81
 0.98 0.95
 2.16 2.14
 2.02 2.00
 0.23 0.23
 1.08 1.07
 0.03 0.04
 0.61 0.61
 0.19 0.20
 0.93 0.92
 0.51 0.50
 1.02 0.98
 1.43 1.43
 3.27 3.26
 0.49 0.48
 0.35 0.33
 0.90 0.88
 2.76 2.74
 1.72 1.70
 0.37 0.35
 0.75 0.71
 0.68 0.67
 0.44 0.43
 0.33 0.32
 0.46 0.44
 1.30 1.29
 1.20 1.19
 0.97 0.96
 0.20 0.19
 0.18 0.19
 1.13 1.12
 0.91 0.90
 3.94 3.93
 6.52 6.50
 1.35 1.33
 0.25 0.23
 0.26 0.24
 0.41 0.40
 4.13 4.11
 0.13 0.12
 0.21 0.22
 2.34 2.33
 2.03 2.01
 4.88 4.87
 3.46 3.45
 0.28 0.27
 0.15 0.14
 0.31 0.29
 0.52 0.51
 1.60 1.60
 3.16 3.12
 1.10 1.09
 0.30 0.28
 2.27 2.26
 1.27 1.26
 1.07 1.05
 0.02 0.03
 3.10 3.07
 1.58 1.56
 0.31 0.29
 2.06 2.04
 1.77 1.76
 2.95 2.93
 0.44 0.42
 2.51 2.49
 0.82 0.81
 0.88 0.87
 3.28 3.26
 0.74 0.73
 0.38 0.37
 0.58 0.55
 0.91 0.90
 2.06 2.04
 1.05 1.05
 0.91 0.90
 1.30 1.27
 0.83 0.80
 3.32 3.30
 0.24 0.23
 0.59 0.56
 0.27 0.25
 1.68 1.67
 3.39 3.38
 0.67 0.66
 0.66 0.63
 2.24 2.23
 2.19 2.18
 2.72 2.71
 2.16 2.14
 0.61 0.59
 0.59 0.56
 0.35 0.33
 0.70 0.69
 2.59 2.57
 0.37 0.35
 1.41 1.40
 2.09 2.07
 0.76 0.75
 0.65 0.64
 1.10 1.09
 2.44 2.42
 2.89 2.88
 1.76 1.75
 1.81 1.81
 1.34 1.32
 2.75 2.72
 1.85 1.84
 0.70 0.68
 1.54 1.54
 4.85 4.81
 0.82 0.81
 1.02 1.01
 0.46 0.44
 1.11 1.10
 1.12 1.11
 1.34 1.34
 0.26 0.24
 0.71 0.68
 4.42 4.41
 1.00 0.98
 1.56 1.55
 0.77 0.74
 0.12 0.11
 0.49 0.47
 0.24 0.22
 0.68 0.67
 0.39 0.37
 0.93 0.91
 1.33 1.30
 2.58 2.56
 0.91 0.89
 1.44 1.42
 0.77 0.75
 0.80 0.78
 0.90 0.88
 0.79 0.78
 1.02 1.01
 0.51 0.49
 1.10 1.09
 1.48 1.46
 0.36 0.35
 1.29 1.28
 1.87 1.86
 1.05 1.03
 4.29 4.26
 0.96 0.95
 1.68 1.67
 0.73 0.72
 0.53 0.51
 0.64 0.62
 0.52 0.50
 0.26 0.25
 0.47 0.45
 0.37 0.35
 0.09 0.08
 0.45 0.42
 3.25 3.24
 2.19 2.17
 0.72 0.71
 3.98 3.97
 1.63 1.61
 0.48 0.46
 0.22 0.22
 0.76 0.74
 2.46 2.46
 0.59 0.58
 1.15 1.14
 3.15 3.13
 0.08 0.08
 0.39 0.37
 4.46 4.44
 2.17 2.15
 0.77 0.74
 1.03 1.02
 0.12 0.11
 3.28 3.27
 1.09 1.07
 1.08 1.07
 1.29 1.27
 6.78 6.63
 5.00 4.99
 0.10 0.09
 0.60 0.57
 1.16 1.13
 0.67 0.65
 1.45 1.44
 0.40 0.38
 0.65 0.62
 0.80 0.79
 3.83 3.82
 0.80 0.79
 2.88 2.85
 0.38 0.36
 2.60 2.58
 0.21 0.21
 2.97 2.95
 0.83 0.82
 3.26 3.25
 0.62 0.59
 1.81 1.79
 0.77 0.76
 3.50 3.49
 0.37 0.35
 0.69 0.68
 2.22 2.20
 0.95 0.94
 1.25 1.24
 0.56 0.54
 0.91 0.90
 1.13 1.13
 1.09 1.08
 1.15 1.14
 0.37 0.36
 0.96 0.94
 0.69 0.66
 0.43 0.41
 2.22 2.19
 1.28 1.28
 1.06 1.05
 1.68 1.66
 1.97 1.98
 3.15 3.13
 0.52 0.50
 1.26 1.25
 1.24 1.23
 1.16 1.15
 0.88 0.87
 2.56 2.55
 1.59 1.57
 1.79 1.77
 0.42 0.40
 0.92 0.91
 0.79 0.77
 0.50 0.47
 3.84 3.83
 1.45 1.43
 1.41 1.39
 0.21 0.20
 2.12 2.10
 1.51 1.49
 0.72 0.71
 0.21 0.19
 2.20 2.18
 0.81 0.80
 1.70 1.69
 1.18 1.18
 2.47 2.45
 3.01 2.99
 0.91 0.90
 0.93 0.92
 2.76 2.73
 0.17 0.17
 0.89 0.86
 1.36 1.35
 1.43 1.41
 0.56 0.53
 3.03 3.01
 1.61 1.58
 0.55 0.53
 2.28 2.26
 0.41 0.40
 0.39 0.37
 0.23 0.24
 0.69 0.67
 2.56 2.55
 4.84 4.81
 3.17 3.15
 0.57 0.54
 2.30 2.28
 2.18 2.16
 0.33 0.36
 0.60 0.58
 3.12 3.09
 0.16 0.15
 0.80 0.78
 0.69 0.67
 0.24 0.22
 1.42 1.41
 1.46 1.45
 0.26 0.25
 1.10 1.09
 1.29 1.28
 0.30 0.27
 1.41 1.40
 2.18 2.16
 2.76 2.74
 0.72 0.70
 5.48 5.47
 1.47 1.46
 0.96 0.94
 1.33 1.32
 3.12 3.05
 1.24 1.23
 0.85 0.83
 1.14 1.13
 2.69 2.69
 0.60 0.58
 0.88 0.87
 0.27 0.24
 3.77 3.76
 0.94 0.93
 1.24 1.23
 2.11 2.09
 1.18 1.17
 3.31 3.29
 0.50 0.48
 1.16 1.15
 2.10 2.08
 1.41 1.39
 0.79 0.75
 0.18 0.17
 0.56 0.55
 3.18 3.14
 1.11 1.10
 1.60 1.58
 1.03 1.01
 1.51 1.49
 1.69 1.66
 0.47 0.45
 0.31 0.30
 1.62 1.59
 0.08 0.07
 0.67 0.65
 0.46 0.44
 2.65 2.63
 2.26 2.25
 1.24 1.23
 4.42 4.41
 1.48 1.46
 0.49 0.47
 2.98 2.95
 0.63 0.61
 0.50 0.47
 0.77 0.75
 2.19 2.17
 2.07 2.06
 3.31 3.30
 0.23 0.22
 0.67 0.65
 2.38 2.37
 1.57 1.57
 0.29 0.28
 0.93 0.92
 1.98 1.96
 3.35 3.34
 1.04 1.03
 0.47 0.44
 3.34 3.32
 2.51 2.49
 0.48 0.46
 0.52 0.50
 0.47 0.44
 0.91 0.90
 0.16 0.15
 0.19 0.18
 4.85 4.83
 4.99 5.00
 3.94 3.93
 0.75 0.74
 2.67 2.66
 0.37 0.35
 2.46 2.44
 2.84 2.82
 2.81 2.79
 3.31 3.30
 0.42 0.40
 1.34 1.33
 2.30 2.28
 4.03 4.02
 0.77 0.75
 0.73 0.72
 3.12 3.09
 0.69 0.66
 1.56 1.54
 1.50 1.50
 1.24 1.23
 2.29 2.28
 0.06 0.05
 1.24 1.23
 1.98 1.96
 0.36 0.34
 0.94 0.93
 0.39 0.37
 2.15 2.14
 0.72 0.71
 1.60 1.58
 0.52 0.49
 2.37 2.37
 1.05 1.04
 1.61 1.59
 3.61 3.59
 1.56 1.56
 0.68 0.65
 0.83 0.80
 3.57 3.56
 0.30 0.28
 1.20 1.19
 4.20 4.19
 5.24 5.26
 0.34 0.33
 0.46 0.45
 4.07 4.06
 1.00 0.99
 3.17 3.16
 3.82 3.81
 1.17 1.16
 0.68 0.65
 3.86 3.85
 0.46 0.44
 0.42 0.40
 1.28 1.25
 1.26 1.25
 2.51 2.49
 0.01 0.01
 0.60 0.59
 0.19 0.19
 1.33 1.32
 2.34 2.32
 1.49 1.48
 2.20 2.19
 4.98 4.97
 2.15 2.14
 0.94 0.91
 0.89 0.85
 1.69 1.70
 0.40 0.39
 0.45 0.44
 3.32 3.30
 0.58 0.56
 0.84 0.82
 1.17 1.16
 0.58 0.57
 0.54 0.52
 0.92 0.91
 0.70 0.67
 1.81 1.79
 3.80 3.79
 1.71 1.69
 4.46 4.45
 1.27 1.26
 1.28 1.27
 2.48 2.45
 0.71 0.68
 0.13 0.14
 0.23 0.22
 1.16 1.14
 0.82 0.77
 1.27 1.25
 0.96 0.95
 0.88 0.87
 0.92 0.92
 1.23 1.22
 0.37 0.35
 2.26 2.26
 0.49 0.47
 0.88 0.87
 1.59 1.58
 2.75 2.74
 0.96 0.95
 1.27 1.26
 1.09 1.08
 0.53 0.51
 0.37 0.36
 0.88 0.87
 0.90 0.89
 0.49 0.47
 2.20 2.18
 0.65 0.62
 0.50 0.48
 1.32 1.30
 3.02 3.00
 0.94 0.93
 1.30 1.29
 2.02 2.00
 1.93 1.91
 0.91 0.87
 0.45 0.43
 0.28 0.27
 4.81 4.80
 2.27 2.26
 1.10 1.10
 1.33 1.32
 0.95 0.92
 1.76 1.75
 0.58 0.55
 0.92 0.91
 0.79 0.77
 1.78 1.77
 1.10 1.09
 1.60 1.59
 2.70 2.67
 0.27 0.26
 1.57 1.55
 0.55 0.55
 0.43 0.41
 1.23 1.22
 3.81 3.79
 0.27 0.26
 1.44 1.43
 0.21 0.23
 1.68 1.66
 0.48 0.47
 1.57 1.55
 2.12 2.10
 0.62 0.60
 2.45 2.43
 1.10 1.09
 2.95 2.92
 3.63 3.61
 1.54 1.53
 0.27 0.26
 2.36 2.36
 2.10 2.08
 0.95 0.94
 1.13 1.12
 1.65 1.65
 2.68 2.67
 0.92 0.91
 1.46 1.45
 2.06 2.04
 3.33 3.31
 1.54 1.53
 3.09 3.08
 1.86 1.85
 1.83 1.81
 0.62 0.61
 1.99 1.97
 1.74 1.73
 0.33 0.31
 0.62 0.61
 0.42 0.40
 2.80 2.78
 1.77 1.77
 0.25 0.23
 1.68 1.66
 1.65 1.64
 5.12 5.09
 2.60 2.59
 1.46 1.45
 4.46 4.44
 0.77 0.76
 1.05 1.02
 0.18 0.17
 1.94 1.92
 1.09 1.08
 0.37 0.36
 0.87 0.86
 0.75 0.74
 1.86 1.84
 0.35 0.33
 1.02 1.00
 4.94 4.91
 2.22 2.20
 1.06 1.05
 0.70 0.69
 1.00 0.99
 0.42 0.40
 0.20 0.20
 0.07 0.07
 1.11 1.10
 2.35 2.33
 1.36 1.35
 3.01 2.99
 0.92 0.90
 3.86 3.84
 1.26 1.24
 1.10 1.09
 0.86 0.84
 0.43 0.41
 2.26 2.24
 1.72 1.70
 3.52 3.51
 1.96 1.95
 0.94 0.93
 0.68 0.67
 0.44 0.42
 0.48 0.46
 3.03 3.01
 3.59 3.57
 1.08 1.07
 2.33 2.31
 0.79 0.78
 0.02 0.06
 1.89 1.89
 0.58 0.57
 0.18 0.15
 2.13 2.11
 0.94 0.92
 0.29 0.28
 1.01 1.00
 0.81 0.80
 1.86 1.84
 1.01 1.00
 0.67 0.65
 0.70 0.68
 0.70 0.69
 1.29 1.28
 2.05 2.03
 2.66 2.64
 0.04 0.06
 2.07 2.05
 1.46 1.45
 0.91 0.89
 0.73 0.70
 1.62 1.61
 2.33 2.31
 0.75 0.72
 0.94 0.93
 0.32 0.30
 0.73 0.72
 0.48 0.45
 5.49 5.46
 0.49 0.47
 1.86 1.85
 0.77 0.76
 0.20 0.19
 2.73 2.71
 1.64 1.62
 2.62 2.58
 3.73 3.71
 0.92 0.91
 0.27 0.28
 2.76 2.74
 0.98 0.94
 1.53 1.51
 0.90 0.89
 2.85 2.84
 0.23 0.22
 1.43 1.41
 0.99 0.98
 2.20 2.18
 1.41 1.40
 1.07 1.06
 0.32 0.31
 0.50 0.48
 0.56 0.54
 0.50 0.49
 2.54 2.52
 1.48 1.47
 0.55 0.54
 0.90 0.89
 0.82 0.81
 0.27 0.26
 0.62 0.61
 1.20 1.18
 0.72 0.71
 1.17 1.16
 0.88 0.87
 3.89 3.88
 2.51 2.49
 0.11 0.10
 0.07 0.07
 0.68 0.66
 2.47 2.45
 0.28 0.26
 1.17 1.14
 1.98 1.96
 1.95 1.93
 3.05 3.02
 3.86 3.85
 0.55 0.52
 5.42 5.42
 1.38 1.38
 2.41 2.39
 0.75 0.72
 0.24 0.24
 0.29 0.27
 3.02 3.01
 2.40 2.39
 2.64 2.63
 3.06 3.05
 0.78 0.75
 0.70 0.67
 2.64 2.64
 1.74 1.72
 1.93 1.91
 1.09 1.08
 1.76 1.74
 1.43 1.41
 2.18 2.16
 2.81 2.80
 0.57 0.54
 0.10 0.10
 0.87 0.87
 0.51 0.49
 0.89 0.88
 1.27 1.26
 4.65 4.67
 1.65 1.64
 1.29 1.28
 2.70 2.69
 1.71 1.69
 1.22 1.21
 2.02 2.00
 3.44 3.43
 0.77 0.73
 4.82 4.81
 0.76 0.74
 2.28 2.26
 1.04 1.01
 0.53 0.52
 3.57 3.56
 2.24 2.22
 0.15 0.16
 0.33 0.31
 0.85 0.84
 1.91 1.89
 0.87 0.85
 0.75 0.74
 0.46 0.44
 0.28 0.27
 1.08 1.06
 2.08 2.06
 2.60 2.59
 0.41 0.39
 1.99 1.98
 0.28 0.27
 0.48 0.46
 1.16 1.14
 1.20 1.19
 2.75 2.72
 0.81 0.80
 0.36 0.34
 1.22 1.21
 0.64 0.61
 0.70 0.69
 2.87 2.86
 1.59 1.58
 1.57 1.56
 3.69 3.66
 1.57 1.55
 2.32 2.32
 0.32 0.31
 0.24 0.23
 1.38 1.36
 1.53 1.51
 2.40 2.39
 0.81 0.80
 1.28 1.27
 0.95 0.93
 3.17 3.16
 0.30 0.29
 1.18 1.17
 0.12 0.12
 0.45 0.44
 1.52 1.51
 3.35 3.33
 2.72 2.70
 0.97 0.95
 2.61 2.59
 0.95 0.94
 0.24 0.23
 1.81 1.79
 1.35 1.34
 0.21 0.20
 1.60 1.59
 0.78 0.75
 1.61 1.61
 0.92 0.89
 1.07 1.05
 2.74 2.72
 2.83 2.80
 1.36 1.35
 1.53 1.52
 0.19 0.17
 0.47 0.45
 0.12 0.10
 1.11 1.10
 0.64 0.60
 2.36 2.34
 2.76 2.74
 0.97 0.96
 0.43 0.42
 1.12 1.11
 0.63 0.60
 5.29 5.27
 0.37 0.35
 0.23 0.21
 2.92 2.91
 4.94 4.90
 0.30 0.28
 0.90 0.89
 0.16 0.15
 0.25 0.23
 2.13 2.11
 0.42 0.40
 0.63 0.61
 0.35 0.33
 1.43 1.42
 1.73 1.72
 1.68 1.66
 1.02 1.01
 0.50 0.48
 0.95 0.94
 0.97 0.96
 1.52 1.50
 0.95 0.93
 1.65 1.63
 2.11 2.10
 1.62 1.61
 1.33 1.31
 1.14 1.13
 0.88 0.86
 1.42 1.41
 1.52 1.50
 1.03 1.02
 2.43 2.41
 0.30 0.29
 0.67 0.63
 2.62 2.59
 1.71 1.70
 3.23 3.22
 1.40 1.38
 2.52 2.52
 0.55 0.53
 0.39 0.37
 1.84 1.81
 1.30 1.29
 0.84 0.82
 0.37 0.36
 3.54 3.51
 1.18 1.18
 0.66 0.65
 0.33 0.31
 3.78 3.76
 1.19 1.18
 2.44 2.43
 0.75 0.71
 0.69 0.67
 0.77 0.75
 0.53 0.50
 3.87 3.85
 2.14 2.11
 3.61 3.53
 1.63 1.62
 0.26 0.24
 0.60 0.57
 0.65 0.63
 0.90 0.89
 0.42 0.43
 1.08 1.07
 1.15 1.14
 0.50 0.48
 2.25 2.25
 0.69 0.66
 0.55 0.52
 1.25 1.24
 0.67 0.63
 1.00 0.99
 4.87 4.85
 1.15 1.14
 2.98 2.97
 1.29 1.27
 1.40 1.39
 1.11 1.11
 1.16 1.15
 1.06 1.05
 1.96 1.94
 1.12 1.11
 0.24 0.23
 6.32 6.28
 0.08 0.11
 0.44 0.43
 1.64 1.63
 4.51 4.50
 0.92 0.91
 0.24 0.23
 1.02 1.01
 1.37 1.36
 0.49 0.48
 1.13 1.12
 1.42 1.41
 0.73 0.72
 0.46 0.45
 1.15 1.14
 0.17 0.17
 1.86 1.85
 0.76 0.75
 0.16 0.15
 1.90 1.88
 0.91 0.90
 0.85 0.84
 0.18 0.18
 1.10 1.08
 2.80 2.78
 5.92 5.90
 0.55 0.54
 0.83 0.82
 0.66 0.64
 1.04 1.03
 2.59 2.57
 2.27 2.26
 0.97 0.97
 1.45 1.43
 1.21 1.19
 3.50 3.49
 1.14 1.13
 0.67 0.65
 0.37 0.35
 1.50 1.49
 1.96 1.95
 2.43 2.43
 1.89 1.87
 2.05 2.03
 0.80 0.77
 2.24 2.25
 1.64 1.63
 1.68 1.67
 1.52 1.50
 1.80 1.80
 1.40 1.39
 3.30 3.28
 1.58 1.56
 0.53 0.51
 0.71 0.70
 1.25 1.24
 1.02 1.01
 0.97 0.96
 1.36 1.35
 0.99 0.98
 0.57 0.55
 0.40 0.38
 3.78 3.77
 0.87 0.84
 6.83 6.87
 1.01 1.00
 1.94 1.92
 0.89 0.89
 0.88 0.87
 3.50 3.48
 0.35 0.33
 0.82 0.80
 2.61 2.60
 0.47 0.45
 1.39 1.38
 4.07 4.03
 3.61 3.57
 0.23 0.21
 0.52 0.50
 0.82 0.81
 0.53 0.51
 0.78 0.76
 3.05 3.06
 1.86 1.84
 1.95 1.93
 0.40 0.39
 2.32 2.32
 0.86 0.85
 0.53 0.51
 0.92 0.90
 1.02 1.01
 0.68 0.66
 0.99 0.97
 1.45 1.44
 0.79 0.78
 2.48 2.46
 0.58 0.56
 2.43 2.41
 0.29 0.27
 0.14 0.15
 0.72 0.70
 1.30 1.29
 0.49 0.47
 0.94 0.93
 0.42 0.41
 2.05 2.03
 0.64 0.63
 0.72 0.70
 0.18 0.17
 0.72 0.69
 0.44 0.43
 0.24 0.24
 1.50 1.49
 0.88 0.86
 1.28 1.26
 0.38 0.36
 0.48 0.45
 0.75 0.72
 0.41 0.39
 0.97 0.96
 1.25 1.25
 1.32 1.30
 1.45 1.45
 1.54 1.53
 0.47 0.45
 3.41 3.38
 1.05 1.04
 3.19 3.17
 2.66 2.63
 1.58 1.57
 3.37 3.36
 0.84 0.82
 3.80 3.78
 0.98 0.98
 0.71 0.70
 0.78 0.77
 2.14 2.12
 0.55 0.54
 0.80 0.78
 0.92 0.91
 3.01 2.99
 3.02 3.00
 3.28 3.26
 2.12 2.12
 5.39 5.38
 0.77 0.74
 0.55 0.52
 0.93 0.90
 0.51 0.48
 2.37 2.35
 0.61 0.59
 0.46 0.44
 2.75 2.73
 2.46 2.44
 0.79 0.78
 1.20 1.18
 0.45 0.43
 0.71 0.70
 2.37 2.36
 0.35 0.33
 0.59 0.58
 0.25 0.24
 0.39 0.37
 0.12 0.11
 0.71 0.70
 1.69 1.67
 4.08 4.06
 0.49 0.47
 0.76 0.75
 2.69 2.69
 3.52 3.51
 2.40 2.39
 3.15 3.13
 0.69 0.67
 3.82 3.80
 3.53 3.51
 0.80 0.78
 2.69 2.67
 2.00 1.99
 6.07 6.11
 4.11 4.10
 1.61 1.59
 1.00 0.99
 0.93 0.92
 1.48 1.47
 0.47 0.45
 0.82 0.81
 0.19 0.21
 2.51 2.49
 2.52 2.51
 2.81 2.79
 1.72 1.70
 1.23 1.22
 1.12 1.11
 2.89 2.88
 0.29 0.28
 0.08 0.10
 0.64 0.62
 0.91 0.90
 0.33 0.31
 2.34 2.32
 1.76 1.73
 0.58 0.56
 0.24 0.23
 0.83 0.82
 0.68 0.65
