 0.87 0.87
 3.18 3.16
 0.65 0.64
 1.09 1.08
 1.28 1.29
 1.00 1.01
 0.38 0.39
 0.72 0.71
 1.01 1.00
 0.29 0.32
 1.58 1.59
 0.56 0.54
 1.07 1.06
 1.92 1.92
 0.73 0.73
 0.43 0.42
 0.86 0.86
 0.79 0.79
 1.00 1.00
 2.40 2.40
 1.52 1.52
 2.31 2.29
 0.30 0.29
 0.09 0.12
 5.58 5.56
 1.04 1.04
 1.57 1.59
 0.70 0.71
 0.33 0.31
 1.97 1.98
 4.98 4.98
 1.17 1.18
 0.76 0.74
 0.36 0.37
 3.01 3.01
 1.29 1.27
 2.02 2.03
 0.78 0.76
 0.45 0.43
 0.38 0.38
 0.36 0.37
 1.88 1.89
 0.71 0.69
 1.89 1.91
 2.04 2.05
 1.62 1.64
 3.79 3.78
 1.46 1.48
 1.01 1.01
 2.27 2.28
 0.67 0.65
 2.21 2.23
 0.53 0.52
 0.87 0.86
 1.00 1.02
 1.44 1.46
 1.48 1.49
 2.99 2.99
 1.82 1.82
 1.09 1.08
 1.75 1.76
 1.49 1.49
 2.36 2.33
 0.70 0.70
 0.42 0.41
 0.53 0.51
 0.29 0.29
 2.79 2.79
 3.92 3.92
 0.25 0.29
 1.94 1.94
 1.91 1.89
 2.16 2.17
 0.46 0.46
 2.05 2.07
 0.39 0.40
 1.28 1.25
 1.42 1.43
 0.75 0.73
 1.15 1.11
 0.99 0.99
 1.96 1.96
 0.60 0.58
 1.02 1.01
 1.27 1.27
 0.73 0.71
 0.82 0.81
 0.59 0.57
 2.15 2.15
 1.09 1.08
 2.08 2.07
 0.70 0.70
 1.07 1.06
 0.71 0.70
 0.25 0.27
 3.38 3.37
 1.85 1.84
 0.63 0.61
 0.21 0.25
 0.94 0.94
 0.63 0.62
 1.71 1.71
 0.44 0.43
 0.57 0.56
 0.47 0.46
 1.48 1.48
 0.76 0.75
 0.43 0.42
 6.68 6.70
 3.81 3.82
 0.82 0.83
 0.42 0.42
 2.54 2.51
 1.03 1.04
 0.51 0.49
 0.77 0.75
 1.15 1.15
 3.34 3.32
 0.02 0.06
 1.19 1.18
 1.34 1.34
 2.69 2.66
 2.93 2.92
 0.01 0.08
 1.09 1.08
 0.20 0.26
 0.94 0.92
 0.70 0.70
 1.71 1.72
 3.96 3.99
 0.69 0.69
 1.77 1.76
 0.39 0.39
 1.89 1.89
 1.08 1.05
 2.52 2.51
 0.82 0.81
 1.25 1.26
 3.41 3.40
 1.61 1.62
 2.33 2.32
 0.90 0.86
 2.29 2.30
 0.90 0.89
 2.75 2.74
 0.39 0.39
 0.92 0.88
 0.52 0.51
 1.57 1.59
 0.13 0.13
 0.10 0.11
 1.36 1.37
 0.97 0.96
 1.01 1.01
 0.69 0.69
 1.10 1.08
 2.60 2.58
 1.06 1.06
 0.66 0.64
 0.92 0.90
 0.94 0.95
 1.02 0.99
 0.82 0.81
 0.43 0.46
 3.61 3.60
 0.51 0.50
 0.75 0.74
 1.22 1.22
 0.75 0.74
 0.56 0.54
 2.59 2.59
 4.99 4.99
 2.15 2.14
 1.20 1.20
 1.92 1.94
 0.54 0.53
 1.25 1.24
 0.17 0.23
 2.85 2.84
 0.13 0.13
 1.08 1.06
 0.80 0.77
 1.15 1.16
 1.16 1.17
 0.73 0.73
 2.22 2.23
 1.52 1.52
 1.20 1.19
 0.59 0.57
 0.19 0.19
 0.56 0.54
 0.46 0.45
 0.31 0.32
 0.46 0.46
 0.43 0.42
 0.08 0.09
 0.22 0.29
 1.56 1.56
 3.56 3.58
 1.73 1.74
 1.24 1.23
 2.71 2.73
 0.38 0.38
 0.49 0.48
 0.98 0.97
 2.95 2.94
 0.68 0.68
 2.48 2.47
 0.29 0.31
 1.35 1.35
 2.16 2.17
 0.58 0.58
 4.29 4.31
 1.85 1.85
 0.83 0.82
 0.28 0.30
 1.78 1.79
 0.25 0.27
 3.70 3.71
 3.16 3.15
 1.28 1.28
 0.51 0.51
 0.18 0.18
 0.19 0.24
 0.64 0.61
 1.00 1.00
 5.22 5.20
 1.55 1.57
 0.83 0.84
 0.97 0.96
 4.12 4.12
 0.26 0.26
 0.60 0.58
 0.29 0.31
 2.84 2.84
 0.98 0.95
 2.16 2.15
 2.02 2.03
 0.23 0.27
 1.08 1.08
 0.03 0.07
 0.61 0.63
 0.19 0.24
 0.93 0.93
 0.51 0.51
 1.02 1.00
 1.43 1.44
 3.27 3.28
 0.49 0.49
 0.35 0.33
 0.90 0.89
 2.76 2.74
 1.72 1.71
 0.37 0.36
 0.75 0.71
 0.68 0.68
 0.44 0.44
 0.33 0.33
 0.46 0.45
 1.30 1.30
 1.20 1.19
 0.97 0.97
 0.20 0.21
 0.18 0.22
 1.13 1.14
 0.91 0.90
 3.94 3.95
 6.52 6.52
 1.35 1.34
 0.25 0.24
 0.26 0.26
 0.41 0.42
 4.13 4.14
 0.13 0.14
 0.21 0.26
 2.34 2.34
 2.03 2.04
 4.88 4.86
 3.46 3.46
 0.28 0.29
 0.15 0.15
 0.31 0.31
 0.52 0.56
 1.60 1.61
 3.16 3.16
 1.10 1.10
 0.30 0.29
 2.27 2.25
 1.27 1.27
 1.07 1.06
 0.02 0.07
 3.10 3.08
 1.58 1.59
 0.31 0.30
 2.06 2.04
 1.77 1.79
 2.95 2.98
 0.44 0.43
 2.51 2.50
 0.82 0.82
 0.88 0.89
 3.28 3.31
 0.74 0.74
 0.38 0.37
 0.58 0.56
 0.91 0.91
 2.06 2.06
 1.05 1.06
 0.91 0.91
 1.30 1.28
 0.83 0.81
 3.32 3.31
 0.24 0.26
 0.59 0.57
 0.27 0.28
 1.68 1.68
 3.39 3.39
 0.67 0.66
 0.66 0.64
 2.24 2.22
 2.19 2.21
 2.72 2.71
 2.16 2.16
 0.61 0.60
 0.59 0.59
 0.35 0.34
 0.70 0.69
 2.59 2.59
 0.37 0.36
 1.41 1.42
 2.09 2.09
 0.76 0.75
 0.65 0.65
 1.10 1.10
 2.44 2.45
 2.89 2.88
 1.76 1.75
 1.81 1.84
 1.34 1.35
 2.75 2.74
 1.85 1.87
 0.70 0.68
 1.54 1.56
 4.85 4.84
 0.82 0.83
 1.02 1.02
 0.46 0.45
 1.11 1.12
 1.12 1.12
 1.34 1.35
 0.26 0.25
 0.71 0.69
 4.42 4.43
 1.00 0.99
 1.56 1.59
 0.77 0.76
 0.12 0.12
 0.49 0.48
 0.24 0.24
 0.68 0.67
 0.39 0.37
 0.93 0.91
 1.33 1.31
 2.58 2.58
 0.91 0.89
 1.44 1.42
 0.77 0.76
 0.80 0.79
 0.90 0.89
 0.79 0.78
 1.02 1.01
 0.51 0.51
 1.10 1.10
 1.48 1.48
 0.36 0.38
 1.29 1.30
 1.87 1.89
 1.05 1.03
 4.29 4.33
 0.96 0.96
 1.68 1.70
 0.73 0.73
 0.53 0.52
 0.64 0.63
 0.52 0.52
 0.26 0.28
 0.47 0.46
 0.37 0.36
 0.09 0.10
 0.45 0.43
 3.25 3.25
 2.19 2.19
 0.72 0.72
 3.98 3.96
 1.63 1.62
 0.48 0.47
 0.22 0.25
 0.76 0.76
 2.46 2.45
 0.59 0.58
 1.15 1.15
 3.15 3.14
 0.08 0.10
 0.39 0.38
 4.46 4.43
 2.17 2.16
 0.77 0.75
 1.03 1.03
 0.12 0.13
 3.28 3.27
 1.09 1.07
 1.08 1.08
 1.29 1.28
 6.78 6.73
 5.00 4.97
 0.10 0.11
 0.60 0.58
 1.16 1.13
 0.67 0.66
 1.45 1.47
 0.40 0.39
 0.65 0.64
 0.80 0.79
 3.83 3.85
 0.80 0.81
 2.88 2.89
 0.38 0.38
 2.60 2.62
 0.21 0.24
 2.97 2.96
 0.83 0.83
 3.26 3.27
 0.62 0.59
 1.81 1.82
 0.77 0.77
 3.50 3.50
 0.37 0.37
 0.69 0.70
 2.22 2.21
 0.95 0.96
 1.25 1.27
 0.56 0.55
 0.91 0.92
 1.13 1.15
 1.09 1.11
 1.15 1.16
 0.37 0.37
 0.96 0.97
 0.69 0.66
 0.43 0.43
 2.22 2.21
 1.28 1.28
 1.06 1.06
 1.68 1.69
 1.97 1.91
 3.15 3.13
 0.52 0.51
 1.26 1.27
 1.24 1.25
 1.16 1.16
 0.88 0.89
 2.56 2.54
 1.59 1.60
 1.79 1.78
 0.42 0.41
 0.92 0.93
 0.79 0.78
 0.50 0.50
 3.84 3.83
 1.45 1.44
 1.41 1.41
 0.21 0.21
 2.12 2.12
 1.51 1.54
 0.72 0.73
 0.21 0.20
 2.20 2.20
 0.81 0.81
 1.70 1.71
 1.18 1.19
 2.47 2.48
 3.01 3.00
 0.91 0.90
 0.93 0.93
 2.76 2.75
 0.17 0.21
 0.89 0.87
 1.36 1.38
 1.43 1.43
 0.56 0.54
 3.03 3.01
 1.61 1.61
 0.55 0.53
 2.28 2.27
 0.41 0.41
 0.39 0.39
 0.23 0.28
 0.69 0.67
 2.56 2.55
 4.84 4.83
 3.17 3.17
 0.57 0.55
 2.30 2.31
 2.18 2.19
 0.33 0.38
 0.60 0.59
 3.12 3.12
 0.16 0.16
 0.80 0.79
 0.69 0.67
 0.24 0.24
 1.42 1.42
 1.46 1.48
 0.26 0.28
 1.10 1.10
 1.29 1.30
 0.30 0.29
 1.41 1.42
 2.18 2.20
 2.76 2.76
 0.72 0.71
 5.48 5.49
 1.47 1.47
 0.96 0.95
 1.33 1.34
 3.12 3.16
 1.24 1.25
 0.85 0.83
 1.14 1.15
 2.69 2.69
 0.60 0.59
 0.88 0.87
 0.27 0.26
 3.77 3.78
 0.94 0.94
 1.24 1.24
 2.11 2.13
 1.18 1.18
 3.31 3.31
 0.50 0.50
 1.16 1.17
 2.10 2.09
 1.41 1.41
 0.79 0.77
 0.18 0.17
 0.56 0.56
 3.18 3.16
 1.11 1.11
 1.60 1.60
 1.03 1.02
 1.51 1.50
 1.69 1.70
 0.47 0.46
 0.31 0.34
 1.62 1.64
 0.08 0.08
 0.67 0.65
 0.46 0.46
 2.65 2.64
 2.26 2.27
 1.24 1.22
 4.42 4.42
 1.48 1.48
 0.49 0.51
 2.98 3.00
 0.63 0.62
 0.50 0.49
 0.77 0.76
 2.19 2.20
 2.07 2.09
 3.31 3.31
 0.23 0.23
 0.67 0.65
 2.38 2.36
 1.57 1.59
 0.29 0.31
 0.93 0.93
 1.98 1.99
 3.35 3.35
 1.04 1.04
 0.47 0.45
 3.34 3.31
 2.51 2.50
 0.48 0.48
 0.52 0.50
 0.47 0.46
 0.91 0.91
 0.16 0.17
 0.19 0.20
 4.85 4.87
 4.99 4.98
 3.94 3.94
 0.75 0.74
 2.67 2.67
 0.37 0.36
 2.46 2.46
 2.84 2.82
 2.81 2.80
 3.31 3.31
 0.42 0.41
 1.34 1.35
 2.30 2.31
 4.03 4.03
 0.77 0.76
 0.73 0.73
 3.12 3.10
 0.69 0.66
 1.56 1.56
 1.50 1.50
 1.24 1.25
 2.29 2.30
 0.06 0.07
 1.24 1.25
 1.98 1.99
 0.36 0.36
 0.94 0.94
 0.39 0.41
 2.15 2.15
 0.72 0.73
 1.60 1.61
 0.52 0.50
 2.37 2.36
 1.05 1.04
 1.61 1.64
 3.61 3.61
 1.56 1.57
 0.68 0.66
 0.83 0.81
 3.57 3.58
 0.30 0.30
 1.20 1.20
 4.20 4.20
 5.24 5.24
 0.34 0.34
 0.46 0.46
 4.07 4.08
 1.00 1.01
 3.17 3.17
 3.82 3.83
 1.17 1.19
 0.68 0.66
 3.86 3.87
 0.46 0.46
 0.42 0.43
 1.28 1.27
 1.26 1.27
 2.51 2.50
 0.01 0.04
 0.60 0.59
 0.19 0.24
 1.33 1.34
 2.34 2.35
 1.49 1.50
 2.20 2.22
 4.98 5.00
 2.15 2.16
 0.94 0.92
 0.89 0.85
 1.69 1.71
 0.40 0.40
 0.45 0.45
 3.32 3.31
 0.58 0.57
 0.84 0.83
 1.17 1.18
 0.58 0.58
 0.54 0.53
 0.92 0.91
 0.70 0.68
 1.81 1.82
 3.80 3.81
 1.71 1.72
 4.46 4.46
 1.27 1.28
 1.28 1.30
 2.48 2.48
 0.71 0.68
 0.13 0.20
 0.23 0.22
 1.16 1.15
 0.82 0.79
 1.27 1.27
 0.96 0.96
 0.88 0.88
 0.92 0.93
 1.23 1.23
 0.37 0.36
 2.26 2.29
 0.49 0.49
 0.88 0.89
 1.59 1.61
 2.75 2.74
 0.96 0.95
 1.27 1.28
 1.09 1.10
 0.53 0.52
 0.37 0.38
 0.88 0.88
 0.90 0.92
 0.49 0.48
 2.20 2.20
 0.65 0.64
 0.50 0.49
 1.32 1.33
 3.02 3.02
 0.94 0.94
 1.30 1.30
 2.02 2.08
 1.93 1.90
 0.91 0.90
 0.45 0.44
 0.28 0.31
 4.81 4.77
 2.27 2.26
 1.10 1.11
 1.33 1.34
 0.95 0.92
 1.76 1.74
 0.58 0.56
 0.92 0.92
 0.79 0.77
 1.78 1.78
 1.10 1.10
 1.60 1.61
 2.70 2.70
 0.27 0.27
 1.57 1.57
 0.55 0.56
 0.43 0.43
 1.23 1.23
 3.81 3.81
 0.27 0.30
 1.44 1.46
 0.21 0.27
 1.68 1.69
 0.48 0.48
 1.57 1.59
 2.12 2.12
 0.62 0.61
 2.45 2.46
 1.10 1.10
 2.95 2.95
 3.63 3.63
 1.54 1.55
 0.27 0.29
 2.36 2.34
 2.10 2.09
 0.95 0.94
 1.13 1.13
 1.65 1.68
 2.68 2.67
 0.92 0.92
 1.46 1.48
 2.06 2.06
 3.33 3.32
 1.54 1.55
 3.09 3.09
 1.86 1.85
 1.83 1.83
 0.62 0.61
 1.99 1.99
 1.74 1.73
 0.33 0.34
 0.62 0.62
 0.42 0.42
 2.80 2.80
 1.77 1.78
 0.25 0.24
 1.68 1.69
 1.65 1.67
 5.12 5.12
 2.60 2.59
 1.46 1.46
 4.46 4.46
 0.77 0.77
 1.05 1.03
 0.18 0.19
 1.94 1.96
 1.09 1.11
 0.37 0.39
 0.87 0.86
 0.75 0.74
 1.86 1.87
 0.35 0.34
 1.02 1.01
 4.94 4.94
 2.22 2.24
 1.06 1.07
 0.70 0.70
 1.00 1.00
 0.42 0.41
 0.20 0.23
 0.07 0.10
 1.11 1.11
 2.35 2.36
 1.36 1.38
 3.01 3.01
 0.92 0.90
 3.86 3.87
 1.26 1.25
 1.10 1.11
 0.86 0.85
 0.43 0.43
 2.26 2.26
 1.72 1.73
 3.52 3.54
 1.96 1.97
 0.94 0.96
 0.68 0.68
 0.44 0.43
 0.48 0.47
 3.03 3.03
 3.59 3.61
 1.08 1.07
 2.33 2.32
 0.79 0.80
 0.02 0.10
 1.89 1.92
 0.58 0.57
 0.18 0.18
 2.13 2.13
 0.94 0.92
 0.29 0.31
 1.01 1.01
 0.81 0.80
 1.86 1.86
 1.01 1.02
 0.67 0.65
 0.70 0.69
 0.70 0.69
 1.29 1.30
 2.05 2.06
 2.66 2.64
 0.04 0.10
 2.07 2.06
 1.46 1.47
 0.91 0.90
 0.73 0.70
 1.62 1.61
 2.33 2.32
 0.75 0.73
 0.94 0.94
 0.32 0.32
 0.73 0.73
 0.48 0.48
 5.49 5.47
 0.49 0.48
 1.86 1.85
 0.77 0.77
 0.20 0.19
 2.73 2.72
 1.64 1.62
 2.62 2.65
 3.73 3.73
 0.92 0.92
 0.27 0.31
 2.76 2.73
 0.98 0.95
 1.53 1.54
 0.90 0.90
 2.85 2.83
 0.23 0.23
 1.43 1.42
 0.99 0.99
 2.20 2.20
 1.41 1.42
 1.07 1.07
 0.32 0.32
 0.50 0.49
 0.56 0.56
 0.50 0.49
 2.54 2.54
 1.48 1.48
 0.55 0.54
 0.90 0.89
 0.82 0.82
 0.27 0.29
 0.62 0.61
 1.20 1.20
 0.72 0.72
 1.17 1.17
 0.88 0.88
 3.89 3.88
 2.51 2.51
 0.11 0.12
 0.07 0.10
 0.68 0.67
 2.47 2.47
 0.28 0.26
 1.17 1.14
 1.98 1.99
 1.95 1.95
 3.05 3.06
 3.86 3.90
 0.55 0.53
 5.42 5.41
 1.38 1.38
 2.41 2.41
 0.75 0.73
 0.24 0.26
 0.29 0.29
 3.02 3.05
 2.40 2.39
 2.64 2.63
 3.06 3.06
 0.78 0.76
 0.70 0.68
 2.64 2.65
 1.74 1.74
 1.93 1.93
 1.09 1.10
 1.76 1.76
 1.43 1.43
 2.18 2.18
 2.81 2.82
 0.57 0.57
 0.10 0.12
 0.87 0.87
 0.51 0.51
 0.89 0.89
 1.27 1.28
 4.65 4.64
 1.65 1.66
 1.29 1.31
 2.70 2.69
 1.71 1.72
 1.22 1.22
 2.02 2.02
 3.44 3.45
 0.77 0.74
 4.82 4.82
 0.76 0.74
 2.28 2.29
 1.04 1.00
 0.53 0.52
 3.57 3.59
 2.24 2.26
 0.15 0.19
 0.33 0.33
 0.85 0.85
 1.91 1.90
 0.87 0.85
 0.75 0.75
 0.46 0.45
 0.28 0.29
 1.08 1.06
 2.08 2.09
 2.60 2.60
 0.41 0.40
 1.99 2.01
 0.28 0.30
 0.48 0.47
 1.16 1.15
 1.20 1.21
 2.75 2.76
 0.81 0.81
 0.36 0.36
 1.22 1.22
 0.64 0.67
 0.70 0.70
 2.87 2.86
 1.59 1.61
 1.57 1.58
 3.69 3.69
 1.57 1.58
 2.32 2.32
 0.32 0.33
 0.24 0.26
 1.38 1.38
 1.53 1.54
 2.40 2.38
 0.81 0.82
 1.28 1.29
 0.95 0.93
 3.17 3.23
 0.30 0.32
 1.18 1.19
 0.12 0.13
 0.45 0.45
 1.52 1.54
 3.35 3.35
 2.72 2.72
 0.97 0.96
 2.61 2.61
 0.95 0.95
 0.24 0.25
 1.81 1.81
 1.35 1.36
 0.21 0.20
 1.60 1.60
 0.78 0.76
 1.61 1.62
 0.92 0.90
 1.07 1.05
 2.74 2.74
 2.83 2.84
 1.36 1.37
 1.53 1.55
 0.19 0.18
 0.47 0.46
 0.12 0.12
 1.11 1.10
 0.64 0.62
 2.36 2.36
 2.76 2.75
 0.97 0.96
 0.43 0.42
 1.12 1.13
 0.63 0.61
 5.29 5.28
 0.37 0.36
 0.23 0.22
 2.92 2.91
 4.94 4.92
 0.30 0.30
 0.90 0.90
 0.16 0.15
 0.25 0.25
 2.13 2.11
 0.42 0.42
 0.63 0.62
 0.35 0.34
 1.43 1.45
 1.73 1.75
 1.68 1.70
 1.02 1.02
 0.50 0.49
 0.95 0.94
 0.97 0.97
 1.52 1.53
 0.95 0.93
 1.65 1.67
 2.11 2.11
 1.62 1.66
 1.33 1.32
 1.14 1.14
 0.88 0.86
 1.42 1.44
 1.52 1.52
 1.03 1.04
 2.43 2.42
 0.30 0.31
 0.67 0.65
 2.62 2.62
 1.71 1.73
 3.23 3.22
 1.40 1.40
 2.52 2.53
 0.55 0.53
 0.39 0.39
 1.84 1.84
 1.30 1.31
 0.84 0.83
 0.37 0.37
 3.54 3.55
 1.18 1.18
 0.66 0.65
 0.33 0.32
 3.78 3.77
 1.19 1.19
 2.44 2.44
 0.75 0.71
 0.69 0.67
 0.77 0.76
 0.53 0.52
 3.87 3.86
 2.14 2.14
 3.61 3.65
 1.63 1.63
 0.26 0.26
 0.60 0.58
 0.65 0.64
 0.90 0.90
 0.42 0.44
 1.08 1.07
 1.15 1.14
 0.50 0.49
 2.25 2.23
 0.69 0.66
 0.55 0.55
 1.25 1.26
 0.67 0.64
 1.00 1.01
 4.87 4.85
 1.15 1.15
 2.98 2.97
 1.29 1.30
 1.40 1.41
 1.11 1.12
 1.16 1.15
 1.06 1.07
 1.96 1.95
 1.12 1.13
 0.24 0.25
 6.32 6.32
 0.08 0.16
 0.44 0.45
 1.64 1.64
 4.51 4.50
 0.92 0.93
 0.24 0.22
 1.02 1.03
 1.37 1.38
 0.49 0.49
 1.13 1.15
 1.42 1.42
 0.73 0.73
 0.46 0.46
 1.15 1.15
 0.17 0.21
 1.86 1.88
 0.76 0.76
 0.16 0.18
 1.90 1.91
 0.91 0.91
 0.85 0.85
 0.18 0.20
 1.10 1.09
 2.80 2.80
 5.92 5.89
 0.55 0.55
 0.83 0.83
 0.66 0.65
 1.04 1.04
 2.59 2.58
 2.27 2.29
 0.97 0.98
 1.45 1.44
 1.21 1.21
 3.50 3.50
 1.14 1.14
 0.67 0.66
 0.37 0.36
 1.50 1.52
 1.96 1.99
 2.43 2.45
 1.89 1.87
 2.05 2.05
 0.80 0.77
 2.24 2.27
 1.64 1.66
 1.68 1.70
 1.52 1.52
 1.80 1.82
 1.40 1.41
 3.30 3.29
 1.58 1.58
 0.53 0.51
 0.71 0.71
 1.25 1.25
 1.02 1.03
 0.97 0.97
 1.36 1.35
 0.99 0.99
 0.57 0.56
 0.40 0.41
 3.78 3.78
 0.87 0.86
 6.83 6.80
 1.01 1.02
 1.94 1.94
 0.89 0.89
 0.88 0.87
 3.50 3.50
 0.35 0.34
 0.82 0.80
 2.61 2.60
 0.47 0.45
 1.39 1.40
 4.07 4.05
 3.61 3.65
 0.23 0.22
 0.52 0.51
 0.82 0.82
 0.53 0.51
 0.78 0.77
 3.05 3.03
 1.86 1.85
 1.95 1.93
 0.40 0.39
 2.32 2.31
 0.86 0.85
 0.53 0.52
 0.92 0.90
 1.02 1.03
 0.68 0.67
 0.99 0.97
 1.45 1.46
 0.79 0.79
 2.48 2.48
 0.58 0.57
 2.43 2.44
 0.29 0.28
 0.14 0.20
 0.72 0.71
 1.30 1.31
 0.49 0.48
 0.94 0.94
 0.42 0.41
 2.05 2.04
 0.64 0.64
 0.72 0.71
 0.18 0.18
 0.72 0.69
 0.44 0.44
 0.24 0.28
 1.50 1.52
 0.88 0.87
 1.28 1.28
 0.38 0.40
 0.48 0.47
 0.75 0.72
 0.41 0.42
 0.97 0.97
 1.25 1.26
 1.32 1.32
 1.45 1.47
 1.54 1.55
 0.47 0.46
 3.41 3.49
 1.05 1.04
 3.19 3.18
 2.66 2.66
 1.58 1.60
 3.37 3.36
 0.84 0.83
 3.80 3.81
 0.98 0.99
 0.71 0.71
 0.78 0.77
 2.14 2.12
 0.55 0.55
 0.80 0.78
 0.92 0.93
 3.01 3.00
 3.02 3.00
 3.28 3.29
 2.12 2.14
 5.39 5.40
 0.77 0.74
 0.55 0.53
 0.93 0.90
 0.51 0.49
 2.37 2.37
 0.61 0.60
 0.46 0.47
 2.75 2.75
 2.46 2.48
 0.79 0.80
 1.20 1.18
 0.45 0.44
 0.71 0.71
 2.37 2.36
 0.35 0.35
 0.59 0.58
 0.25 0.26
 0.39 0.39
 0.12 0.13
 0.71 0.72
 1.69 1.70
 4.08 4.09
 0.49 0.48
 0.76 0.76
 2.69 2.68
 3.52 3.51
 2.40 2.43
 3.15 3.14
 0.69 0.68
 3.82 3.81
 3.53 3.53
 0.80 0.78
 2.69 2.70
 2.00 2.01
 6.07 6.07
 4.11 4.13
 1.61 1.61
 1.00 0.99
 0.93 0.93
 1.48 1.49
 0.47 0.46
 0.82 0.82
 0.19 0.25
 2.51 2.51
 2.52 2.52
 2.81 2.82
 1.72 1.74
 1.23 1.24
 1.12 1.12
 2.89 2.89
 0.29 0.30
 0.08 0.16
 0.64 0.62
 0.91 0.92
 0.33 0.33
 2.34 2.32
 1.76 1.74
 0.58 0.56
 0.24 0.24
 0.83 0.83
 0.68 0.65
