 1.18 0.92
 0.67 0.85
 1.04 1.18
 2.41 2.61
 0.64 -0.59
 0.74 0.86
 0.38 0.29
 0.16 0.18
 0.44 0.98
 3.62 2.84
 0.95 0.74
 0.70 0.35
 0.62 1.22
 0.67 0.68
 2.78 2.78
 0.07 -0.21
 0.37 0.87
 0.56 0.79
 1.72 1.30
 5.30 4.97
 1.40 1.14
 0.91 0.72
 0.31 0.38
 0.58 0.97
 3.17 2.66
 0.73 1.87
 3.30 2.88
 1.32 1.21
 0.47 0.32
 0.40 0.12
 2.51 2.04
 0.38 2.56
 1.30 1.08
 2.80 2.31
 4.88 3.26
 2.08 1.98
 0.49 0.98
 2.34 2.27
 0.80 1.00
 1.64 1.45
 1.02 2.16
 0.15 0.07
 1.70 1.48
 0.17 -0.19
 1.42 0.81
 1.62 1.57
 1.37 1.50
 0.82 1.24
 1.81 0.88
 0.40 0.55
 4.41 3.59
 1.59 1.13
 2.22 1.75
 0.82 0.80
 0.52 1.46
 0.86 1.01
 2.11 1.52
 3.32 2.32
 0.92 0.57
 1.19 0.59
 1.47 1.12
 1.63 1.52
 0.28 0.63
 0.60 0.89
 0.27 1.65
 1.09 2.40
 2.40 2.88
 0.15 -0.04
 1.29 2.25
 3.54 2.29
 0.21 0.28
 4.57 3.82
 1.11 1.04
 0.85 0.76
 1.00 1.14
 0.83 1.15
 3.14 1.89
 1.19 1.85
 0.29 1.46
 0.33 0.33
 0.97 1.05
 0.90 1.25
 0.77 1.05
 0.26 -0.06
 0.72 1.08
 0.93 0.91
 0.46 1.76
 3.02 2.46
 0.65 0.76
 1.01 0.38
 0.55 0.31
 4.90 3.63
 0.68 0.68
 0.55 -1.16
 3.05 3.50
 0.36 0.03
 1.09 6.79
 0.61 1.50
 2.04 2.52
 0.24 0.63
 1.56 2.88
 3.38 2.59
 4.59 3.18
 0.09 0.44
 0.70 0.63
 2.13 1.50
 0.46 0.26
 0.77 0.92
 0.47 0.57
 0.48 0.84
 1.05 1.35
 1.24 2.19
 0.39 0.72
 1.03 0.54
 1.14 0.77
 1.23 0.87
 0.49 0.80
 0.95 0.78
 0.99 0.91
 1.05 1.37
 0.38 0.97
 0.42 0.34
 3.53 1.84
 3.60 2.39
 0.60 1.58
 0.89 0.91
 3.64 2.60
 3.21 1.82
 0.13 0.34
 0.99 1.68
 2.24 1.52
 0.90 0.64
 1.54 1.29
 3.35 2.51
 3.24 2.48
 2.02 1.26
 0.17 0.35
 3.14 2.51
 1.76 0.71
 2.39 3.14
 0.34 0.53
 1.96 2.44
 0.95 0.40
 1.68 1.18
 2.73 2.31
 2.34 1.85
 1.18 0.84
 0.88 0.33
 0.31 0.44
 0.46 0.78
 0.75 1.84
 2.42 3.32
 1.98 1.25
 0.32 0.59
 0.50 0.60
 0.45 0.71
 0.99 0.78
 0.98 2.60
 1.24 1.47
 0.92 2.13
 1.32 0.76
 1.11 0.28
 1.22 0.77
 0.84 1.60
 0.67 1.63
 0.87 1.69
 2.60 2.56
 2.09 2.15
 0.38 0.22
 2.75 2.10
 0.85 0.52
 1.61 1.42
 2.44 1.78
 0.18 0.19
 0.84 1.09
 0.88 1.82
 1.16 0.77
 0.73 1.78
 1.47 1.72
 0.14 0.57
 2.09 2.91
 1.66 1.49
 1.96 2.24
 1.91 0.93
 0.53 1.75
 2.75 2.12
 0.92 1.83
 0.45 0.38
 0.59 1.05
 0.45 0.41
 0.55 1.13
 1.00 1.94
 3.14 2.33
 0.61 1.15
 2.46 2.20
 0.36 2.01
 0.29 0.47
 1.76 1.12
 0.83 0.48
 0.32 0.70
 0.82 0.66
 0.55 0.58
 3.17 2.58
 1.47 1.22
 0.13 0.26
 1.91 3.79
 3.49 2.76
 3.63 2.87
 0.44 0.80
 0.60 0.58
 0.65 0.85
 0.82 1.04
 1.70 1.56
 0.59 2.93
 0.30 0.98
 0.39 0.43
 0.76 1.95
 2.02 4.27
 1.97 2.36
 0.44 1.56
 1.78 0.80
 0.45 0.63
 1.10 1.17
 1.14 1.19
 0.86 1.21
 0.63 0.89
 0.84 1.44
 0.21 1.36
 0.20 1.14
 0.27 0.73
 0.25 1.66
 0.84 1.67
 1.90 2.14
 0.29 1.47
 2.21 1.66
 4.03 4.36
 0.25 1.46
 3.66 3.05
 0.46 1.12
 2.31 1.67
 2.51 2.11
 0.43 0.87
 0.19 -0.37
 0.23 0.60
 1.03 0.54
 0.97 0.92
 1.14 1.81
 0.82 0.71
 0.47 0.67
 0.40 0.69
 0.56 1.38
 1.17 1.09
 0.72 1.42
 1.18 1.67
 2.46 2.06
 1.62 1.59
 1.79 2.17
 2.50 2.76
 0.18 0.47
 0.32 0.28
 1.47 0.93
 2.57 1.89
 1.08 0.92
 1.28 1.76
 0.15 0.26
 0.25 0.29
 2.79 2.29
 3.19 2.02
 0.28 0.30
 0.63 0.47
 1.72 1.90
 2.19 1.55
 4.88 4.45
 1.91 1.33
 0.22 -0.00
 0.64 0.65
 0.83 1.43
 0.87 0.74
 2.08 2.46
 0.93 0.92
 0.70 0.62
 5.37 3.20
 0.46 0.20
 1.69 1.79
 0.40 0.23
 2.67 1.95
 0.41 2.09
 2.76 2.19
 2.12 2.28
 0.54 0.77
 0.93 0.64
 0.26 0.04
 1.64 1.71
 1.29 1.02
 0.24 0.94
 0.97 0.74
 0.70 3.42
 4.81 2.82
 1.97 1.59
 3.33 2.85
 0.94 2.50
 1.38 1.33
 2.59 2.26
 1.43 1.58
 0.69 1.38
 1.75 1.08
 1.00 0.60
 2.62 1.90
 0.42 -0.75
 2.42 2.42
 0.93 1.63
 0.64 1.35
 0.07 0.28
 2.99 2.46
 2.57 3.00
 1.68 1.55
 3.31 3.18
 4.38 3.52
 1.63 2.38
 0.58 1.01
 0.43 -0.33
 3.05 2.49
 3.04 2.28
 2.26 1.92
 3.84 2.73
 0.82 0.84
 3.26 2.45
 3.22 2.59
 0.56 0.63
 0.39 0.68
 0.70 1.10
 3.73 2.68
 0.38 0.97
 1.31 1.46
 3.17 2.66
 1.08 1.72
 1.07 2.20
 2.98 2.17
 0.40 0.53
 2.29 1.93
 3.32 2.78
 1.90 2.07
 0.75 1.73
 0.41 0.99
 1.37 0.43
 0.83 0.81
 0.78 0.50
 0.53 2.16
 0.36 1.22
 1.17 0.78
 2.23 1.55
 1.55 1.45
 0.64 0.29
 4.73 3.41
 3.49 4.34
 2.94 3.10
 2.37 1.99
 1.64 1.14
 0.75 1.95
 0.56 1.13
 3.71 3.08
 1.13 2.34
 1.61 2.24
 1.74 1.68
 1.29 0.81
 0.87 0.76
 2.52 1.19
 3.04 3.02
 1.06 1.82
 2.13 1.72
 3.17 4.35
 0.97 0.24
 1.01 1.36
 2.42 3.33
 0.30 -2.73
 2.51 2.21
 0.72 1.07
 1.53 2.49
 1.20 1.16
 1.88 1.13
 0.80 0.50
 3.16 2.16
 1.20 1.19
 1.23 1.82
 3.64 3.90
 1.04 1.24
 0.47 0.86
 0.05 0.33
 1.79 2.34
 0.88 0.18
 1.07 0.84
 0.59 0.76
 1.24 1.93
 2.16 1.19
 0.62 0.17
 0.22 0.32
 0.76 0.81
 1.27 0.91
 0.96 1.74
 0.54 0.79
 3.52 2.76
 0.95 0.92
 2.48 2.13
 0.87 0.40
 0.10 0.56
 0.47 0.52
 0.89 1.28
 1.54 0.70
 1.67 1.32
 0.67 0.65
 2.63 1.89
 0.77 0.70
 0.82 0.76
 0.49 0.51
 2.68 1.44
 0.85 0.74
 0.23 0.44
 4.08 4.06
 2.74 2.52
 0.04 -1.86
 0.64 1.16
 1.42 1.17
 3.08 2.49
 2.99 2.13
 2.87 2.23
 0.48 0.78
 2.08 1.60
 0.24 0.63
 0.70 1.02
 0.51 0.57
 0.37 0.95
 1.33 1.49
 1.02 2.46
 1.53 1.59
 0.77 0.06
 2.29 0.98
 0.69 0.49
 0.84 0.64
 0.46 0.76
 0.33 0.92
 2.94 2.33
 1.18 0.85
 0.78 0.90
 4.45 3.31
 2.07 1.54
 1.15 1.09
 1.95 1.93
 3.71 2.90
 1.66 1.85
 2.68 0.85
 1.05 1.02
 0.74 0.84
 0.84 1.52
 0.91 1.88
 2.38 3.17
 1.71 1.61
 2.72 2.07
 1.26 0.80
 0.46 0.49
 5.13 2.77
 3.15 2.55
 1.28 0.92
 2.17 1.97
 0.16 0.53
 1.44 1.23
 0.85 1.48
 0.79 1.11
 0.64 0.88
 1.44 1.23
 2.62 2.52
 1.43 1.04
 1.33 1.19
 0.83 0.72
 3.35 3.09
 1.40 0.88
 0.78 1.04
 1.32 1.21
 1.18 1.10
 2.47 2.03
 2.19 0.77
 0.80 0.57
 1.06 0.57
 1.24 1.09
 0.80 0.61
 3.97 3.87
 1.81 1.28
 0.24 -0.08
 2.58 3.34
 0.50 1.07
 1.32 1.38
 0.15 0.68
 1.24 0.90
 1.22 1.02
 0.71 1.36
 2.21 2.12
 1.08 0.85
 2.05 1.66
 1.84 1.55
 0.29 1.18
 5.25 3.15
 1.12 1.73
 3.78 2.38
 1.11 0.66
 5.76 3.42
 0.73 0.96
 1.49 0.76
 1.29 2.05
 1.88 0.98
 1.27 1.08
 1.20 2.13
 0.39 0.83
 0.75 0.32
 1.07 1.10
 0.14 0.39
 2.09 2.08
 0.36 0.06
 3.55 3.97
 2.60 2.24
 1.50 1.11
 1.29 1.18
 0.79 0.54
 0.82 1.24
 1.24 1.27
 1.23 1.99
 0.58 0.91
 1.24 1.17
 2.31 1.63
 2.98 2.00
 0.86 1.53
 1.01 1.20
 0.42 1.11
 1.11 0.94
 2.63 1.93
 2.89 2.52
 3.11 3.34
 2.30 1.97
 0.76 1.52
 3.79 2.86
 1.86 2.40
 0.23 0.19
 0.44 0.57
 3.11 2.28
 2.78 4.01
 0.91 1.04
 0.52 0.88
 0.92 0.94
 2.27 1.42
 2.00 1.90
 0.62 1.48
 1.40 1.64
 2.23 2.50
 2.84 2.94
 2.95 1.90
 1.30 1.51
 0.36 0.32
 1.63 1.42
 0.73 1.09
 1.17 1.34
 1.20 2.16
 2.43 1.03
 0.61 0.99
 3.02 1.50
 2.46 2.52
 2.87 1.39
 1.46 1.13
 0.75 0.93
 2.14 1.17
 3.54 3.69
 1.37 1.65
 3.30 1.95
 0.75 0.88
 0.24 0.53
 2.92 2.12
 3.46 3.00
 4.63 3.47
 1.08 1.45
 3.78 2.63
 0.47 0.38
 0.78 0.87
 1.06 1.02
 0.73 3.42
 6.24 3.32
 0.89 1.11
 1.68 2.13
 6.51 3.11
 5.92 4.37
 0.51 1.58
 0.35 0.62
 1.18 1.05
 1.24 1.10
 0.49 0.67
 0.79 0.65
 0.39 0.43
 0.82 0.66
 0.47 -0.07
 2.49 2.19
 3.18 2.54
 3.66 2.03
 2.75 2.36
 3.42 2.66
 3.76 3.32
 0.60 0.36
 2.10 2.42
 2.29 1.56
 1.24 1.37
 3.16 2.64
 3.13 2.35
 1.96 1.51
 1.07 1.22
 1.36 1.88
 1.52 1.00
 1.26 1.28
 0.83 1.07
 0.56 3.32
 1.99 1.57
 0.62 1.23
 1.96 1.20
 0.63 0.65
 2.09 1.33
 1.35 1.30
 2.00 2.04
 0.50 1.07
 3.03 1.98
 1.06 1.25
 0.17 0.65
 0.53 0.56
 0.47 0.90
 2.32 2.21
 0.57 0.73
 4.00 3.21
 2.05 1.24
 0.29 2.26
 1.71 1.56
 3.97 2.72
 0.21 0.49
 2.93 2.80
 1.24 1.45
 0.17 -0.04
 0.53 0.74
 0.85 0.83
 0.74 2.68
 0.49 0.37
 0.46 0.19
 3.46 2.59
 2.12 2.54
 1.81 1.04
 2.60 1.69
 0.18 0.96
 2.58 2.68
 1.35 0.70
 0.47 0.99
 0.26 1.56
 1.98 1.44
 1.06 0.73
 1.87 1.69
 0.43 0.89
 1.60 0.71
 0.76 1.02
 2.02 1.83
 0.73 1.74
 0.98 1.33
 1.24 2.51
 1.77 1.15
 2.09 1.71
 0.07 1.11
 0.74 1.39
 2.02 1.43
 1.70 1.52
 1.59 0.88
 1.40 -0.37
 1.65 0.95
 2.25 2.47
 1.94 1.45
 1.21 1.76
 2.26 2.01
 2.71 2.07
 1.65 1.37
 1.19 1.17
 0.46 0.69
 0.50 0.45
 0.66 0.84
 2.78 3.13
 1.99 1.61
 0.83 0.35
 2.06 2.07
 3.90 2.94
 0.31 1.30
 0.97 1.14
 0.47 0.95
 1.81 1.86
 4.66 4.74
 3.02 1.39
 0.96 1.35
 0.64 0.52
 1.41 1.30
 1.20 1.04
 0.38 0.27
 2.35 2.03
 1.36 0.72
 2.35 1.91
 1.58 1.43
 2.50 1.85
 0.23 0.40
 1.74 1.05
 0.89 0.82
 2.23 1.78
 0.83 0.93
 4.82 3.44
 1.03 0.96
 0.84 1.16
 5.38 1.56
 1.08 0.44
 1.69 2.04
 0.30 0.32
 2.84 2.16
 0.86 1.04
 1.64 1.17
 1.43 0.70
 1.77 1.38
 1.00 0.51
 0.31 0.59
 0.32 1.16
 0.33 0.25
 3.04 2.56
 0.21 0.14
 1.49 0.85
 2.62 1.32
 2.97 3.55
 0.24 0.42
 1.04 0.45
 1.77 1.86
 0.28 -0.42
 2.35 1.70
 1.85 0.78
 3.18 2.29
 0.26 0.63
 1.32 1.13
 0.57 3.26
 1.56 1.85
 0.53 0.42
 2.21 1.98
 1.84 1.13
 0.59 0.51
 1.45 1.61
 0.90 0.79
 2.23 1.36
 1.58 1.54
 2.16 3.47
 2.12 1.42
 3.05 1.89
 0.29 0.75
 0.68 0.63
 3.30 1.56
 1.36 1.04
 2.69 1.69
 0.36 0.67
 2.16 1.03
 2.05 1.18
 0.91 0.88
 1.73 1.38
 0.28 0.01
 0.23 0.19
 0.88 1.79
 2.18 2.10
 3.30 2.94
 1.86 1.71
 1.57 2.05
 1.73 1.27
 4.38 3.45
 2.88 2.22
 0.73 0.95
 0.66 1.10
 1.13 -3.48
 0.89 0.60
 0.72 0.99
 1.34 1.87
 5.39 3.56
 2.32 1.36
 2.64 3.14
 3.88 2.31
 2.81 2.31
 2.72 1.54
 0.57 1.39
 1.71 2.25
 0.92 1.13
 0.37 0.50
 0.88 1.34
 0.85 0.63
 0.93 0.62
 2.83 2.17
 2.23 1.90
 3.29 2.30
 0.96 0.75
 1.73 0.99
 0.61 0.90
 1.36 1.21
 0.72 0.64
 0.33 0.33
 0.57 1.02
 1.78 2.35
 1.88 1.19
 1.02 0.70
 1.05 1.09
 1.86 1.25
 2.16 1.69
 3.14 3.92
 1.71 1.59
 0.16 -0.09
 1.05 3.03
 2.69 2.32
 0.40 0.58
 1.60 1.65
 2.33 1.06
 2.27 1.12
 0.90 0.85
 0.95 1.77
 0.56 0.58
 5.52 3.52
 1.87 2.24
 4.71 3.92
 2.83 2.30
 0.91 1.31
 1.30 2.10
 1.65 1.27
 0.46 0.33
 0.73 1.39
 1.12 0.97
 1.70 1.69
 2.79 2.65
 1.08 0.76
 0.70 1.37
 1.00 1.13
 2.44 1.92
 1.65 1.74
 0.35 1.73
 0.25 1.53
 3.80 2.66
 0.93 1.14
 0.86 0.94
 0.97 0.86
 0.75 1.06
 0.96 1.06
 3.19 2.83
 1.62 2.54
 1.28 0.96
 2.42 1.15
 3.81 3.18
 0.39 0.64
 3.47 2.25
 3.50 1.78
 0.46 0.64
 0.60 -0.51
 2.91 1.88
 3.30 3.50
 2.94 2.65
 2.43 3.36
 1.28 0.88
 1.77 1.79
 1.60 1.47
 1.20 1.65
 0.81 1.04
 1.94 1.76
 1.65 1.43
 0.30 0.72
 0.50 1.19
 2.33 2.16
 1.24 1.27
 2.30 1.78
 1.79 2.27
 0.55 2.41
 1.90 1.87
 0.08 0.32
 0.80 1.04
 0.64 1.28
 1.61 0.85
 1.59 1.24
 1.20 0.82
 1.59 1.48
 2.38 1.82
 0.37 1.53
 1.52 1.25
 1.09 0.67
 0.11 0.68
 1.27 1.42
 1.24 1.18
 3.37 5.03
 0.77 0.42
 1.17 1.28
 1.80 1.91
 0.56 0.73
 1.73 1.06
 4.32 2.79
 0.53 0.75
 1.75 1.82
 1.92 1.95
 0.55 0.93
 0.49 0.54
 0.76 1.04
 1.30 1.15
 0.87 1.21
 0.25 1.48
 3.29 3.31
 1.57 0.85
 1.31 1.22
 2.47 2.20
 0.12 0.08
 0.65 0.96
 1.52 1.21
 1.16 0.72
 1.16 0.47
 0.96 0.86
 1.85 2.00
 4.31 3.31
 1.50 1.50
 1.39 1.46
 1.93 1.11
 1.09 1.22
 3.04 3.57
 4.27 3.73
 0.72 0.72
 1.43 1.65
 1.58 2.82
 1.40 1.70
 0.70 1.44
 0.22 1.20
 1.42 0.56
 1.22 1.32
 0.60 0.61
 0.94 0.74
 2.03 1.27
 2.60 1.80
 2.23 1.85
 0.53 0.76
 1.48 1.16
 1.06 0.70
 2.30 2.27
 1.06 1.06
 1.50 1.06
 1.24 1.45
 1.90 2.18
 0.09 0.82
 0.77 0.42
 0.80 0.65
 1.62 0.96
 1.21 0.79
 0.29 0.80
 2.64 2.15
 0.23 0.32
 3.84 4.11
 1.29 1.47
 1.48 1.33
 1.49 0.91
 0.75 1.19
 0.88 1.50
 0.58 1.56
 2.42 1.82
 3.63 2.89
 1.50 0.93
 0.79 1.89
 1.53 0.99
 1.06 0.93
 0.78 1.51
 0.68 2.05
 1.25 0.59
 0.38 0.74
 0.77 1.24
 0.45 1.03
 2.00 2.63
 2.25 1.89
 0.54 0.79
 1.48 1.02
 1.22 0.97
 0.13 -0.02
 0.66 1.41
 2.05 1.47
 0.26 0.76
 1.02 1.59
 0.40 0.45
 0.88 0.80
 0.74 1.25
 3.47 3.10
 0.61 1.30
 2.37 2.74
 0.53 -0.24
 0.55 0.88
 1.15 1.18
 0.75 1.00
 2.70 1.39
 0.71 0.76
 2.71 3.08
 1.90 1.82
 1.78 2.25
 1.64 1.40
 0.58 1.68
 1.55 1.50
 1.10 0.50
 0.74 0.45
 3.48 2.01
 1.25 1.18
 0.19 0.69
 0.73 0.52
 4.98 3.31
 1.80 1.23
 2.34 1.88
 0.46 0.36
 2.24 1.42
 0.78 1.36
 1.12 0.60
 0.37 0.37
 0.54 1.23
 0.71 1.12
 1.78 2.07
 0.99 1.47
 2.64 1.98
 1.54 0.94
 1.21 1.27
 0.36 0.90
 0.49 0.91
 1.33 1.26
 0.70 2.44
 2.04 2.53
 2.25 1.60
 2.91 1.81
 0.41 0.93
 0.39 0.64
 2.11 3.07
 2.48 1.61
 3.05 2.37
 2.36 2.66
 0.75 0.45
 1.89 1.53
 1.86 1.20
 0.33 0.29
 0.72 1.16
 0.60 0.97
 0.59 0.69
 3.56 2.63
 0.89 1.28
 1.52 1.41
 0.73 0.83
 0.71 2.05
 0.31 0.70
 2.54 2.39
 0.94 2.74
 0.71 0.66
 5.10 2.54
 1.08 1.17
 2.81 2.27
 1.03 1.51
 1.29 1.07
 1.58 1.50
 1.35 3.13
 0.10 4.50
 5.65 3.92
 1.25 3.28
 2.26 1.78
 0.92 1.58
 2.24 2.73
 2.34 2.72
 0.69 0.83
 0.92 0.85
 0.66 0.70
 2.32 1.47
 2.58 1.68
 0.90 0.53
 1.10 -3.94
 0.81 0.65
 1.22 1.24
 2.50 1.35
 0.57 1.59
 2.71 1.87
 0.36 1.13
 0.13 0.54
 0.67 2.20
 1.12 1.06
 3.31 3.31
 1.06 1.16
 0.41 1.63
 4.46 3.63
 1.44 1.75
 1.58 2.58
 1.21 1.19
 1.96 2.02
 1.32 1.63
 2.74 2.43
 0.53 1.50
 0.71 0.89
 0.35 1.03
 1.48 1.34
 1.96 2.09
 5.15 2.57
 3.60 3.14
 2.56 3.32
 0.92 1.20
 2.20 2.86
 1.08 1.47
 0.43 0.73
 2.73 2.26
 1.07 0.63
 0.18 0.87
 0.97 1.30
 0.48 0.72
 0.79 2.17
 0.80 1.24
 1.12 1.06
 1.42 0.80
 2.81 4.44
 2.71 2.11
 1.41 3.99
 2.15 1.74
 0.83 0.43
 1.18 0.79
 2.68 1.65
 0.18 0.77
 0.17 0.43
 0.38 1.32
 4.02 3.46
 4.22 2.59
 3.51 2.23
 1.16 0.98
 0.09 0.14
 0.87 3.27
 0.64 1.13
 1.86 1.44
 0.45 0.59
 0.68 1.35
 0.53 0.79
 0.19 0.68
 3.50 3.39
 0.28 1.17
 2.30 2.24
 2.01 1.03
 5.74 4.68
 0.36 1.00
 2.51 3.66
 4.70 3.47
 0.70 0.58
 0.34 0.37
 2.36 1.79
 1.62 0.98
 1.38 0.54
 2.91 2.62
 1.74 1.36
 0.91 1.03
 2.93 5.10
 2.21 1.94
 3.16 4.00
 0.74 1.19
 0.58 0.26
 1.47 1.20
 1.25 2.49
 0.73 0.87
 1.24 1.39
 0.35 0.50
 1.07 3.51
 0.89 0.83
 0.77 1.15
 0.95 0.34
 1.08 0.06
 2.03 1.70
 3.31 2.49
 0.81 1.54
 6.44 3.36
 1.34 0.90
 0.80 0.60
 0.13 0.38
 1.59 1.91
 2.78 1.82
 0.46 0.65
 0.22 0.19
 2.90 3.10
 0.98 1.04
 2.21 1.69
 0.81 1.01
 2.14 1.88
 1.81 1.72
 1.74 1.43
 0.40 0.73
 2.81 2.92
 1.98 2.52
 0.37 -0.25
 1.60 1.17
 2.63 2.70
 2.98 2.09
 5.39 4.45
 0.49 1.14
 3.49 3.22
 0.26 0.67
 0.32 -0.05
 0.50 0.21
 0.75 1.07
 0.53 1.06
 0.20 1.06
 2.67 2.55
 0.31 0.97
 2.58 2.19
 1.76 1.37
 2.48 2.83
 2.74 2.40
 2.45 2.99
 1.16 1.06
 0.50 0.34
 1.99 2.01
 2.74 3.43
 0.80 1.11
 1.03 0.65
 0.67 0.84
 0.46 1.57
 2.28 1.35
 1.11 1.21
 0.41 1.09
 0.58 0.54
 0.87 1.30
 0.47 1.66
 0.32 0.29
 1.15 1.12
 0.66 1.00
 3.56 2.11
 0.32 0.08
 2.90 2.01
 3.04 2.15
 1.91 1.54
 1.93 1.67
 0.92 0.90
 0.70 1.26
 0.69 0.53
 0.08 -0.71
 0.47 0.49
 2.94 2.11
 0.41 0.86
 0.03 0.50
 0.33 0.15
 0.85 2.34
 0.73 1.12
 2.55 1.11
 1.09 0.88
 3.87 3.00
 0.45 0.28
 2.00 1.40
 0.83 1.00
 2.90 2.07
 0.05 -0.33
 6.32 3.93
 0.26 1.60
 0.52 0.99
 2.43 2.06
 1.00 1.44
 0.94 0.84
 0.25 0.76
 0.78 0.63
 2.30 2.95
 1.10 0.46
 1.41 0.99
 0.99 0.89
 2.52 2.38
 0.49 0.77
 2.57 2.32
 0.78 4.00
 1.23 1.22
 0.17 0.64
 2.14 1.38
 1.79 1.49
 2.42 2.16
 0.87 0.91
 3.39 2.64
 3.73 4.11
 1.30 1.21
 2.73 2.87
 2.59 3.26
 0.63 1.14
 1.45 1.91
 0.80 1.51
 2.50 1.78
 1.96 1.48
 0.55 0.96
 1.01 1.28
 2.55 2.39
 0.30 0.81
 1.70 1.21
 0.91 0.96
 1.66 1.49
 2.31 2.58
 1.04 1.50
 0.96 0.69
 6.81 3.87
 0.40 0.56
 1.13 1.38
 0.93 0.58
 0.75 0.74
 0.81 0.94
 3.63 3.14
 0.81 0.97
 4.22 2.81
 0.20 0.94
 2.51 0.98
 0.47 1.72
 1.90 1.84
 0.49 0.62
 0.51 0.59
 0.22 -0.20
