 0.87 0.87
 3.18 3.17
 0.65 0.64
 1.09 1.06
 1.28 1.27
 1.00 1.00
 0.38 0.41
 0.72 0.70
 1.01 0.98
 0.29 0.36
 1.58 1.58
 0.56 0.54
 1.07 1.04
 1.92 1.94
 0.73 0.73
 0.43 0.42
 0.86 0.86
 0.79 0.78
 1.00 1.01
 2.40 2.43
 1.52 1.51
 2.31 2.30
 0.30 0.29
 0.09 0.12
 5.58 5.57
 1.04 1.02
 1.57 1.58
 0.70 0.68
 0.33 0.32
 1.97 1.97
 4.98 4.99
 1.17 1.17
 0.76 0.74
 0.36 0.38
 3.01 2.96
 1.29 1.27
 2.02 2.04
 0.78 0.75
 0.45 0.43
 0.38 0.38
 0.36 0.38
 1.88 1.90
 0.71 0.69
 1.89 1.90
 2.04 2.04
 1.62 1.63
 3.79 3.78
 1.46 1.49
 1.01 1.02
 2.27 2.28
 0.67 0.64
 2.21 2.24
 0.53 0.52
 0.87 0.86
 1.00 1.02
 1.44 1.49
 1.48 1.50
 2.99 3.00
 1.82 1.83
 1.09 1.07
 1.75 1.78
 1.49 1.49
 2.36 2.34
 0.70 0.70
 0.42 0.42
 0.53 0.52
 0.29 0.30
 2.79 2.81
 3.92 3.90
 0.25 0.28
 1.94 1.94
 1.91 1.87
 2.16 2.15
 0.46 0.47
 2.05 2.07
 0.39 0.40
 1.28 1.25
 1.42 1.43
 0.75 0.71
 1.15 1.11
 0.99 0.99
 1.96 1.98
 0.60 0.58
 1.02 1.02
 1.27 1.27
 0.73 0.70
 0.82 0.81
 0.59 0.57
 2.15 2.17
 1.09 1.05
 2.08 2.08
 0.70 0.69
 1.07 1.02
 0.71 0.68
 0.25 0.29
 3.38 3.37
 1.85 1.85
 0.63 0.61
 0.21 0.28
 0.94 0.94
 0.63 0.62
 1.71 1.73
 0.44 0.44
 0.57 0.55
 0.47 0.46
 1.48 1.50
 0.76 0.74
 0.43 0.44
 6.68 6.72
 3.81 3.80
 0.82 0.83
 0.42 0.42
 2.54 2.45
 1.03 1.03
 0.51 0.50
 0.77 0.74
 1.15 1.15
 3.34 3.33
 0.02 0.07
 1.19 1.16
 1.34 1.35
 2.69 2.70
 2.93 2.94
 0.01 0.12
 1.09 1.06
 0.20 0.29
 0.94 0.90
 0.70 0.70
 1.71 1.71
 3.96 3.94
 0.69 0.67
 1.77 1.78
 0.39 0.41
 1.89 1.91
 1.08 1.02
 2.52 2.51
 0.82 0.80
 1.25 1.26
 3.41 3.40
 1.61 1.62
 2.33 2.33
 0.90 0.85
 2.29 2.29
 0.90 0.88
 2.75 2.73
 0.39 0.38
 0.92 0.88
 0.52 0.51
 1.57 1.58
 0.13 0.14
 0.10 0.17
 1.36 1.37
 0.97 0.96
 1.01 1.01
 0.69 0.69
 1.10 1.05
 2.60 2.61
 1.06 1.05
 0.66 0.64
 0.92 0.90
 0.94 0.93
 1.02 0.96
 0.82 0.81
 0.43 0.47
 3.61 3.62
 0.51 0.50
 0.75 0.74
 1.22 1.23
 0.75 0.73
 0.56 0.54
 2.59 2.61
 4.99 5.00
 2.15 2.16
 1.20 1.20
 1.92 1.95
 0.54 0.53
 1.25 1.23
 0.17 0.27
 2.85 2.85
 0.13 0.12
 1.08 1.07
 0.80 0.75
 1.15 1.17
 1.16 1.17
 0.73 0.73
 2.22 2.25
 1.52 1.49
 1.20 1.16
 0.59 0.57
 0.19 0.21
 0.56 0.54
 0.46 0.45
 0.31 0.32
 0.46 0.45
 0.43 0.42
 0.08 0.03
 0.22 0.32
 1.56 1.57
 3.56 3.58
 1.73 1.75
 1.24 1.21
 2.71 2.74
 0.38 0.38
 0.49 0.49
 0.98 0.96
 2.95 2.96
 0.68 0.68
 2.48 2.50
 0.29 0.33
 1.35 1.36
 2.16 2.15
 0.58 0.57
 4.29 4.25
 1.85 1.88
 0.83 0.81
 0.28 0.32
 1.78 1.79
 0.25 0.29
 3.70 3.70
 3.16 3.16
 1.28 1.27
 0.51 0.51
 0.18 0.19
 0.19 0.28
 0.64 0.61
 1.00 1.00
 5.22 5.24
 1.55 1.57
 0.83 0.84
 0.97 0.94
 4.12 4.11
 0.26 0.27
 0.60 0.57
 0.29 0.34
 2.84 2.85
 0.98 0.93
 2.16 2.14
 2.02 2.04
 0.23 0.30
 1.08 1.08
 0.03 0.12
 0.61 0.61
 0.19 0.28
 0.93 0.92
 0.51 0.51
 1.02 0.97
 1.43 1.43
 3.27 3.25
 0.49 0.49
 0.35 0.30
 0.90 0.88
 2.76 2.76
 1.72 1.74
 0.37 0.36
 0.75 0.70
 0.68 0.67
 0.44 0.43
 0.33 0.33
 0.46 0.46
 1.30 1.28
 1.20 1.18
 0.97 0.96
 0.20 0.22
 0.18 0.25
 1.13 1.14
 0.91 0.90
 3.94 3.93
 6.52 6.51
 1.35 1.32
 0.25 0.25
 0.26 0.26
 0.41 0.45
 4.13 4.12
 0.13 0.17
 0.21 0.28
 2.34 2.32
 2.03 2.03
 4.88 4.92
 3.46 3.45
 0.28 0.29
 0.15 0.15
 0.31 0.32
 0.52 0.60
 1.60 1.59
 3.16 3.20
 1.10 1.10
 0.30 0.29
 2.27 2.29
 1.27 1.28
 1.07 1.06
 0.02 0.09
 3.10 3.12
 1.58 1.60
 0.31 0.30
 2.06 2.06
 1.77 1.79
 2.95 2.95
 0.44 0.43
 2.51 2.52
 0.82 0.82
 0.88 0.88
 3.28 3.29
 0.74 0.73
 0.38 0.38
 0.58 0.57
 0.91 0.90
 2.06 2.07
 1.05 1.06
 0.91 0.91
 1.30 1.28
 0.83 0.79
 3.32 3.30
 0.24 0.29
 0.59 0.57
 0.27 0.29
 1.68 1.68
 3.39 3.39
 0.67 0.66
 0.66 0.64
 2.24 2.22
 2.19 2.20
 2.72 2.72
 2.16 2.16
 0.61 0.61
 0.59 0.59
 0.35 0.33
 0.70 0.69
 2.59 2.61
 0.37 0.36
 1.41 1.42
 2.09 2.09
 0.76 0.75
 0.65 0.64
 1.10 1.10
 2.44 2.47
 2.89 2.86
 1.76 1.78
 1.81 1.81
 1.34 1.35
 2.75 2.75
 1.85 1.86
 0.70 0.70
 1.54 1.56
 4.85 4.74
 0.82 0.80
 1.02 1.01
 0.46 0.44
 1.11 1.11
 1.12 1.12
 1.34 1.33
 0.26 0.25
 0.71 0.68
 4.42 4.43
 1.00 0.98
 1.56 1.58
 0.77 0.79
 0.12 0.07
 0.49 0.47
 0.24 0.24
 0.68 0.66
 0.39 0.35
 0.93 0.90
 1.33 1.31
 2.58 2.58
 0.91 0.87
 1.44 1.41
 0.77 0.75
 0.80 0.79
 0.90 0.87
 0.79 0.78
 1.02 0.99
 0.51 0.51
 1.10 1.08
 1.48 1.49
 0.36 0.38
 1.29 1.31
 1.87 1.89
 1.05 1.03
 4.29 4.40
 0.96 0.95
 1.68 1.72
 0.73 0.73
 0.53 0.52
 0.64 0.61
 0.52 0.50
 0.26 0.30
 0.47 0.47
 0.37 0.36
 0.09 0.10
 0.45 0.43
 3.25 3.25
 2.19 2.28
 0.72 0.72
 3.98 3.96
 1.63 1.64
 0.48 0.46
 0.22 0.27
 0.76 0.73
 2.46 2.46
 0.59 0.58
 1.15 1.14
 3.15 3.15
 0.08 0.11
 0.39 0.38
 4.46 4.44
 2.17 2.18
 0.77 0.74
 1.03 1.01
 0.12 0.11
 3.28 3.28
 1.09 1.06
 1.08 1.07
 1.29 1.28
 6.78 6.84
 5.00 5.03
 0.10 0.12
 0.60 0.59
 1.16 1.12
 0.67 0.67
 1.45 1.47
 0.40 0.39
 0.65 0.63
 0.80 0.78
 3.83 3.85
 0.80 0.80
 2.88 2.88
 0.38 0.37
 2.60 2.61
 0.21 0.26
 2.97 2.96
 0.83 0.82
 3.26 3.22
 0.62 0.59
 1.81 1.82
 0.77 0.76
 3.50 3.48
 0.37 0.38
 0.69 0.70
 2.22 2.20
 0.95 0.95
 1.25 1.26
 0.56 0.54
 0.91 0.90
 1.13 1.14
 1.09 1.10
 1.15 1.16
 0.37 0.36
 0.96 0.94
 0.69 0.67
 0.43 0.42
 2.22 2.22
 1.28 1.26
 1.06 1.05
 1.68 1.68
 1.97 1.93
 3.15 3.15
 0.52 0.51
 1.26 1.27
 1.24 1.25
 1.16 1.15
 0.88 0.88
 2.56 2.62
 1.59 1.59
 1.79 1.79
 0.42 0.41
 0.92 0.93
 0.79 0.76
 0.50 0.50
 3.84 3.79
 1.45 1.47
 1.41 1.40
 0.21 0.23
 2.12 2.10
 1.51 1.50
 0.72 0.73
 0.21 0.22
 2.20 2.20
 0.81 0.81
 1.70 1.70
 1.18 1.19
 2.47 2.49
 3.01 3.00
 0.91 0.90
 0.93 0.93
 2.76 2.77
 0.17 0.23
 0.89 0.84
 1.36 1.38
 1.43 1.41
 0.56 0.55
 3.03 3.01
 1.61 1.64
 0.55 0.54
 2.28 2.29
 0.41 0.41
 0.39 0.38
 0.23 0.31
 0.69 0.68
 2.56 2.54
 4.84 4.82
 3.17 3.17
 0.57 0.55
 2.30 2.32
 2.18 2.18
 0.33 0.44
 0.60 0.59
 3.12 3.13
 0.16 0.18
 0.80 0.78
 0.69 0.67
 0.24 0.24
 1.42 1.43
 1.46 1.46
 0.26 0.30
 1.10 1.08
 1.29 1.30
 0.30 0.28
 1.41 1.42
 2.18 2.18
 2.76 2.76
 0.72 0.70
 5.48 5.50
 1.47 1.44
 0.96 0.94
 1.33 1.34
 3.12 3.17
 1.24 1.24
 0.85 0.83
 1.14 1.15
 2.69 2.66
 0.60 0.58
 0.88 0.85
 0.27 0.28
 3.77 3.79
 0.94 0.94
 1.24 1.21
 2.11 2.11
 1.18 1.16
 3.31 3.29
 0.50 0.49
 1.16 1.17
 2.10 2.11
 1.41 1.40
 0.79 0.78
 0.18 0.18
 0.56 0.55
 3.18 3.21
 1.11 1.10
 1.60 1.61
 1.03 1.01
 1.51 1.52
 1.69 1.74
 0.47 0.46
 0.31 0.35
 1.62 1.64
 0.08 0.06
 0.67 0.65
 0.46 0.47
 2.65 2.67
 2.26 2.28
 1.24 1.20
 4.42 4.44
 1.48 1.50
 0.49 0.55
 2.98 3.01
 0.63 0.62
 0.50 0.49
 0.77 0.75
 2.19 2.21
 2.07 2.08
 3.31 3.30
 0.23 0.24
 0.67 0.65
 2.38 2.40
 1.57 1.57
 0.29 0.33
 0.93 0.93
 1.98 2.00
 3.35 3.35
 1.04 1.04
 0.47 0.43
 3.34 3.32
 2.51 2.51
 0.48 0.47
 0.52 0.53
 0.47 0.48
 0.91 0.90
 0.16 0.17
 0.19 0.23
 4.85 4.82
 4.99 4.97
 3.94 3.93
 0.75 0.72
 2.67 2.69
 0.37 0.36
 2.46 2.47
 2.84 2.83
 2.81 2.84
 3.31 3.29
 0.42 0.41
 1.34 1.35
 2.30 2.33
 4.03 4.01
 0.77 0.75
 0.73 0.73
 3.12 3.13
 0.69 0.66
 1.56 1.57
 1.50 1.48
 1.24 1.26
 2.29 2.32
 0.06 0.07
 1.24 1.26
 1.98 1.99
 0.36 0.36
 0.94 0.94
 0.39 0.45
 2.15 2.13
 0.72 0.72
 1.60 1.61
 0.52 0.51
 2.37 2.36
 1.05 1.04
 1.61 1.63
 3.61 3.59
 1.56 1.56
 0.68 0.66
 0.83 0.83
 3.57 3.56
 0.30 0.32
 1.20 1.19
 4.20 4.18
 5.24 5.20
 0.34 0.34
 0.46 0.45
 4.07 4.10
 1.00 1.01
 3.17 3.15
 3.82 3.82
 1.17 1.19
 0.68 0.65
 3.86 3.85
 0.46 0.45
 0.42 0.44
 1.28 1.25
 1.26 1.28
 2.51 2.50
 0.01 0.04
 0.60 0.59
 0.19 0.27
 1.33 1.34
 2.34 2.37
 1.49 1.51
 2.20 2.23
 4.98 5.01
 2.15 2.16
 0.94 0.90
 0.89 0.83
 1.69 1.69
 0.40 0.40
 0.45 0.42
 3.32 3.32
 0.58 0.57
 0.84 0.82
 1.17 1.18
 0.58 0.58
 0.54 0.52
 0.92 0.92
 0.70 0.68
 1.81 1.84
 3.80 3.80
 1.71 1.74
 4.46 4.44
 1.27 1.28
 1.28 1.30
 2.48 2.48
 0.71 0.67
 0.13 0.17
 0.23 0.20
 1.16 1.12
 0.82 0.85
 1.27 1.29
 0.96 0.96
 0.88 0.90
 0.92 0.94
 1.23 1.24
 0.37 0.36
 2.26 2.28
 0.49 0.49
 0.88 0.89
 1.59 1.61
 2.75 2.75
 0.96 0.96
 1.27 1.26
 1.09 1.11
 0.53 0.52
 0.37 0.37
 0.88 0.88
 0.90 0.91
 0.49 0.48
 2.20 2.20
 0.65 0.63
 0.50 0.47
 1.32 1.33
 3.02 3.03
 0.94 0.94
 1.30 1.30
 2.02 2.03
 1.93 1.92
 0.91 0.86
 0.45 0.44
 0.28 0.33
 4.81 4.82
 2.27 2.25
 1.10 1.10
 1.33 1.33
 0.95 0.89
 1.76 1.76
 0.58 0.56
 0.92 0.92
 0.79 0.76
 1.78 1.78
 1.10 1.09
 1.60 1.63
 2.70 2.71
 0.27 0.27
 1.57 1.59
 0.55 0.54
 0.43 0.43
 1.23 1.25
 3.81 3.80
 0.27 0.32
 1.44 1.43
 0.21 0.30
 1.68 1.71
 0.48 0.48
 1.57 1.60
 2.12 2.15
 0.62 0.60
 2.45 2.48
 1.10 1.09
 2.95 2.98
 3.63 3.62
 1.54 1.55
 0.27 0.30
 2.36 2.36
 2.10 2.12
 0.95 0.93
 1.13 1.13
 1.65 1.65
 2.68 2.66
 0.92 0.91
 1.46 1.46
 2.06 2.09
 3.33 3.33
 1.54 1.55
 3.09 3.04
 1.86 1.86
 1.83 1.86
 0.62 0.62
 1.99 2.02
 1.74 1.75
 0.33 0.35
 0.62 0.61
 0.42 0.42
 2.80 2.82
 1.77 1.76
 0.25 0.25
 1.68 1.70
 1.65 1.66
 5.12 5.14
 2.60 2.56
 1.46 1.44
 4.46 4.45
 0.77 0.76
 1.05 1.01
 0.18 0.19
 1.94 1.91
 1.09 1.12
 0.37 0.41
 0.87 0.86
 0.75 0.73
 1.86 1.86
 0.35 0.35
 1.02 1.01
 4.94 4.94
 2.22 2.22
 1.06 1.05
 0.70 0.69
 1.00 0.99
 0.42 0.41
 0.20 0.29
 0.07 0.12
 1.11 1.11
 2.35 2.39
 1.36 1.38
 3.01 3.01
 0.92 0.89
 3.86 3.88
 1.26 1.22
 1.10 1.11
 0.86 0.84
 0.43 0.44
 2.26 2.26
 1.72 1.74
 3.52 3.50
 1.96 1.96
 0.94 0.94
 0.68 0.68
 0.44 0.43
 0.48 0.47
 3.03 3.03
 3.59 3.59
 1.08 1.04
 2.33 2.33
 0.79 0.80
 0.02 0.12
 1.89 1.91
 0.58 0.58
 0.18 0.19
 2.13 2.15
 0.94 0.91
 0.29 0.32
 1.01 1.02
 0.81 0.80
 1.86 1.87
 1.01 1.02
 0.67 0.64
 0.70 0.68
 0.70 0.68
 1.29 1.29
 2.05 2.07
 2.66 2.64
 0.04 0.11
 2.07 2.08
 1.46 1.48
 0.91 0.89
 0.73 0.69
 1.62 1.61
 2.33 2.34
 0.75 0.73
 0.94 0.94
 0.32 0.31
 0.73 0.73
 0.48 0.47
 5.49 5.52
 0.49 0.41
 1.86 1.86
 0.77 0.75
 0.20 0.21
 2.73 2.76
 1.64 1.63
 2.62 2.60
 3.73 3.73
 0.92 0.92
 0.27 0.32
 2.76 2.75
 0.98 0.93
 1.53 1.55
 0.90 0.90
 2.85 2.84
 0.23 0.18
 1.43 1.41
 0.99 0.99
 2.20 2.19
 1.41 1.43
 1.07 1.07
 0.32 0.32
 0.50 0.48
 0.56 0.55
 0.50 0.49
 2.54 2.54
 1.48 1.46
 0.55 0.55
 0.90 0.90
 0.82 0.82
 0.27 0.31
 0.62 0.60
 1.20 1.20
 0.72 0.72
 1.17 1.17
 0.88 0.88
 3.89 3.87
 2.51 2.53
 0.11 0.13
 0.07 0.11
 0.68 0.66
 2.47 2.48
 0.28 0.28
 1.17 1.13
 1.98 1.99
 1.95 1.97
 3.05 3.07
 3.86 3.92
 0.55 0.53
 5.42 5.40
 1.38 1.35
 2.41 2.41
 0.75 0.72
 0.24 0.26
 0.29 0.29
 3.02 3.01
 2.40 2.38
 2.64 2.62
 3.06 3.05
 0.78 0.75
 0.70 0.67
 2.64 2.64
 1.74 1.76
 1.93 1.95
 1.09 1.08
 1.76 1.73
 1.43 1.44
 2.18 2.20
 2.81 2.85
 0.57 0.56
 0.10 0.12
 0.87 0.88
 0.51 0.51
 0.89 0.89
 1.27 1.29
 4.65 4.73
 1.65 1.65
 1.29 1.29
 2.70 2.69
 1.71 1.73
 1.22 1.20
 2.02 2.02
 3.44 3.43
 0.77 0.75
 4.82 4.86
 0.76 0.74
 2.28 2.30
 1.04 0.99
 0.53 0.52
 3.57 3.57
 2.24 2.25
 0.15 0.18
 0.33 0.34
 0.85 0.84
 1.91 1.92
 0.87 0.83
 0.75 0.74
 0.46 0.45
 0.28 0.30
 1.08 1.03
 2.08 2.09
 2.60 2.58
 0.41 0.40
 1.99 2.00
 0.28 0.33
 0.48 0.46
 1.16 1.12
 1.20 1.22
 2.75 2.77
 0.81 0.80
 0.36 0.37
 1.22 1.21
 0.64 0.65
 0.70 0.69
 2.87 2.84
 1.59 1.58
 1.57 1.57
 3.69 3.69
 1.57 1.57
 2.32 2.33
 0.32 0.33
 0.24 0.26
 1.38 1.38
 1.53 1.55
 2.40 2.38
 0.81 0.81
 1.28 1.29
 0.95 0.91
 3.17 3.18
 0.30 0.33
 1.18 1.19
 0.12 0.15
 0.45 0.45
 1.52 1.54
 3.35 3.32
 2.72 2.72
 0.97 0.94
 2.61 2.62
 0.95 0.95
 0.24 0.25
 1.81 1.82
 1.35 1.35
 0.21 0.21
 1.60 1.57
 0.78 0.74
 1.61 1.60
 0.92 0.87
 1.07 1.02
 2.74 2.76
 2.83 2.83
 1.36 1.37
 1.53 1.53
 0.19 0.19
 0.47 0.46
 0.12 0.12
 1.11 1.07
 0.64 0.62
 2.36 2.37
 2.76 2.76
 0.97 0.96
 0.43 0.42
 1.12 1.11
 0.63 0.60
 5.29 5.30
 0.37 0.36
 0.23 0.25
 2.92 2.93
 4.94 4.97
 0.30 0.30
 0.90 0.90
 0.16 0.17
 0.25 0.24
 2.13 2.12
 0.42 0.42
 0.63 0.62
 0.35 0.35
 1.43 1.44
 1.73 1.75
 1.68 1.69
 1.02 1.02
 0.50 0.48
 0.95 0.95
 0.97 0.97
 1.52 1.52
 0.95 0.94
 1.65 1.74
 2.11 2.13
 1.62 1.62
 1.33 1.33
 1.14 1.13
 0.88 0.84
 1.42 1.44
 1.52 1.53
 1.03 1.05
 2.43 2.41
 0.30 0.31
 0.67 0.65
 2.62 2.64
 1.71 1.73
 3.23 3.21
 1.40 1.40
 2.52 2.54
 0.55 0.54
 0.39 0.40
 1.84 1.83
 1.30 1.32
 0.84 0.82
 0.37 0.35
 3.54 3.58
 1.18 1.17
 0.66 0.65
 0.33 0.32
 3.78 3.77
 1.19 1.21
 2.44 2.44
 0.75 0.71
 0.69 0.68
 0.77 0.75
 0.53 0.53
 3.87 3.85
 2.14 2.14
 3.61 3.53
 1.63 1.63
 0.26 0.28
 0.60 0.58
 0.65 0.64
 0.90 0.89
 0.42 0.50
 1.08 1.07
 1.15 1.12
 0.50 0.49
 2.25 2.21
 0.69 0.66
 0.55 0.54
 1.25 1.25
 0.67 0.64
 1.00 1.01
 4.87 4.87
 1.15 1.15
 2.98 2.98
 1.29 1.30
 1.40 1.41
 1.11 1.12
 1.16 1.16
 1.06 1.08
 1.96 1.97
 1.12 1.13
 0.24 0.27
 6.32 6.20
 0.08 0.14
 0.44 0.43
 1.64 1.65
 4.51 4.56
 0.92 0.92
 0.24 0.26
 1.02 1.03
 1.37 1.39
 0.49 0.49
 1.13 1.15
 1.42 1.43
 0.73 0.72
 0.46 0.45
 1.15 1.14
 0.17 0.22
 1.86 1.87
 0.76 0.76
 0.16 0.19
 1.90 1.93
 0.91 0.91
 0.85 0.84
 0.18 0.20
 1.10 1.07
 2.80 2.80
 5.92 5.84
 0.55 0.54
 0.83 0.83
 0.66 0.63
 1.04 1.04
 2.59 2.60
 2.27 2.29
 0.97 0.96
 1.45 1.45
 1.21 1.17
 3.50 3.47
 1.14 1.14
 0.67 0.65
 0.37 0.36
 1.50 1.53
 1.96 1.98
 2.43 2.46
 1.89 1.90
 2.05 2.06
 0.80 0.76
 2.24 2.26
 1.64 1.65
 1.68 1.71
 1.52 1.54
 1.80 1.79
 1.40 1.41
 3.30 3.30
 1.58 1.60
 0.53 0.51
 0.71 0.71
 1.25 1.22
 1.02 1.03
 0.97 0.97
 1.36 1.33
 0.99 0.98
 0.57 0.56
 0.40 0.42
 3.78 3.77
 0.87 0.84
 6.83 6.67
 1.01 1.01
 1.94 1.94
 0.89 0.89
 0.88 0.87
 3.50 3.49
 0.35 0.35
 0.82 0.79
 2.61 2.59
 0.47 0.46
 1.39 1.41
 4.07 3.99
 3.61 3.68
 0.23 0.22
 0.52 0.51
 0.82 0.81
 0.53 0.48
 0.78 0.77
 3.05 2.92
 1.86 1.86
 1.95 1.93
 0.40 0.40
 2.32 2.31
 0.86 0.84
 0.53 0.51
 0.92 0.88
 1.02 1.03
 0.68 0.67
 0.99 0.95
 1.45 1.48
 0.79 0.79
 2.48 2.50
 0.58 0.57
 2.43 2.46
 0.29 0.29
 0.14 0.23
 0.72 0.70
 1.30 1.30
 0.49 0.48
 0.94 0.94
 0.42 0.41
 2.05 2.07
 0.64 0.64
 0.72 0.70
 0.18 0.20
 0.72 0.69
 0.44 0.44
 0.24 0.32
 1.50 1.51
 0.88 0.85
 1.28 1.28
 0.38 0.36
 0.48 0.48
 0.75 0.71
 0.41 0.43
 0.97 0.96
 1.25 1.24
 1.32 1.31
 1.45 1.45
 1.54 1.58
 0.47 0.45
 3.41 3.45
 1.05 1.02
 3.19 3.19
 2.66 2.68
 1.58 1.57
 3.37 3.37
 0.84 0.82
 3.80 3.79
 0.98 0.97
 0.71 0.71
 0.78 0.76
 2.14 2.15
 0.55 0.55
 0.80 0.77
 0.92 0.93
 3.01 3.01
 3.02 3.01
 3.28 3.31
 2.12 2.13
 5.39 5.40
 0.77 0.73
 0.55 0.53
 0.93 0.88
 0.51 0.50
 2.37 2.38
 0.61 0.60
 0.46 0.47
 2.75 2.73
 2.46 2.49
 0.79 0.80
 1.20 1.18
 0.45 0.44
 0.71 0.71
 2.37 2.37
 0.35 0.34
 0.59 0.58
 0.25 0.28
 0.39 0.40
 0.12 0.15
 0.71 0.71
 1.69 1.72
 4.08 4.06
 0.49 0.47
 0.76 0.75
 2.69 2.67
 3.52 3.52
 2.40 2.44
 3.15 3.15
 0.69 0.67
 3.82 3.77
 3.53 3.49
 0.80 0.77
 2.69 2.70
 2.00 2.01
 6.07 6.01
 4.11 4.08
 1.61 1.62
 1.00 0.99
 0.93 0.92
 1.48 1.47
 0.47 0.46
 0.82 0.81
 0.19 0.28
 2.51 2.53
 2.52 2.52
 2.81 2.83
 1.72 1.76
 1.23 1.23
 1.12 1.13
 2.89 2.86
 0.29 0.30
 0.08 0.14
 0.64 0.62
 0.91 0.92
 0.33 0.33
 2.34 2.32
 1.76 1.74
 0.58 0.56
 0.24 0.25
 0.83 0.82
 0.68 0.65
