 0.53 0.75
 0.52 0.45
 0.44 1.58
 0.45 0.66
 0.42 1.93
 0.36 0.92
 1.93 1.65
 2.27 1.43
 0.23 0.54
 0.75 2.24
 1.78 0.82
 2.42 2.46
 1.14 1.84
 0.30 0.89
 1.72 1.14
 0.35 0.54
 0.37 0.93
 1.80 1.74
 0.55 0.84
 0.92 0.52
 2.29 1.49
 0.42 0.70
 0.49 0.91
 0.43 0.84
 2.89 2.28
 0.55 1.08
 0.97 1.11
 1.15 1.78
 2.69 2.04
 0.67 1.15
 3.51 2.41
 2.82 2.35
 1.02 0.39
 0.55 2.51
 2.18 1.99
 2.79 2.50
 1.96 2.08
 2.26 2.10
 0.70 1.27
 2.01 2.09
 1.96 1.58
 1.40 2.86
 0.80 0.53
 3.46 2.37
 0.36 0.55
 0.74 0.71
 0.35 0.40
 0.96 0.70
 1.51 1.10
 0.92 1.24
 0.45 0.37
 5.43 4.22
 0.30 0.48
 0.45 0.96
 0.53 0.66
 0.64 1.06
 0.50 0.94
 1.44 1.05
 0.80 0.64
 1.33 0.57
 0.80 0.72
 0.75 1.09
 0.47 1.83
 1.59 1.72
 0.50 0.43
 1.14 0.67
 1.97 3.04
 2.00 1.86
 1.53 1.13
 1.31 1.44
 0.19 0.17
 0.92 1.80
 1.11 1.01
 2.76 2.71
 1.16 0.41
 5.41 4.25
 1.20 0.77
 0.83 0.48
 1.50 1.05
 0.50 0.88
 0.38 0.68
 0.68 1.23
 0.99 1.75
 2.07 2.06
 0.60 0.47
 1.11 0.80
 0.29 0.61
 0.82 0.70
 1.90 0.93
 0.44 2.66
 3.38 2.62
 0.90 1.17
 0.60 0.73
 2.19 1.53
 2.04 1.19
 1.88 3.03
 1.94 1.49
 4.28 3.30
 1.23 2.57
 0.36 0.92
 1.21 1.03
 1.61 0.84
 1.03 0.97
 1.30 1.73
 0.70 0.76
 1.35 1.08
 1.70 2.56
 0.95 1.28
 0.66 0.98
 0.95 2.28
 0.82 0.65
 1.18 1.13
 1.00 0.48
 1.04 1.43
 1.18 0.48
 1.00 0.85
 2.30 1.39
 0.97 -0.09
 0.99 1.08
 2.66 2.25
 1.10 1.48
 0.69 0.83
 2.75 2.00
 3.74 2.23
 0.67 2.00
 1.05 4.44
 8.00 2.36
 0.26 0.66
 1.54 1.93
 0.75 1.92
 0.98 3.32
 1.35 1.44
 0.67 0.74
 1.51 0.85
 0.21 0.41
 1.25 0.28
 2.51 1.86
 0.24 1.77
 3.56 2.02
 3.36 2.15
 1.24 0.53
 0.18 0.43
 0.19 0.21
 1.42 1.19
 0.91 2.87
 4.66 2.74
 1.00 2.52
 0.78 0.50
 0.81 0.70
 0.58 0.33
 1.90 1.66
 0.74 0.87
 0.26 0.84
 0.47 0.18
 1.21 0.13
 0.16 0.41
 1.28 1.14
 0.94 0.88
 0.95 1.87
 1.06 2.45
 0.76 0.52
 0.23 0.28
 1.01 1.46
 0.60 1.24
 0.73 0.48
 2.23 1.38
 2.89 3.39
 0.35 0.73
 0.54 0.79
 0.95 1.88
 0.33 1.07
 0.66 1.10
 0.82 1.40
 0.41 0.56
 2.43 1.56
 3.89 3.06
 1.34 1.70
 0.47 0.90
 1.42 0.79
 2.28 1.64
 0.65 1.34
 1.00 2.93
 0.60 0.90
 0.64 0.76
 0.53 2.05
 0.33 0.74
 1.68 1.33
 1.62 1.83
 1.15 2.35
 0.27 0.09
 0.21 0.48
 0.33 1.00
 0.45 0.40
 2.25 2.55
 0.52 2.43
 0.62 1.06
 0.67 0.96
 1.04 0.77
 3.15 1.39
 1.12 0.90
 0.44 1.32
 2.37 0.73
 2.08 1.43
 0.18 0.65
 0.49 1.65
 0.40 0.63
 1.96 2.17
 0.33 1.48
 1.37 1.18
 0.36 1.12
 1.63 1.29
 0.34 1.31
 1.28 0.84
 0.20 0.22
 3.72 4.02
 0.64 0.61
 1.24 1.04
 0.42 0.69
 0.21 1.05
 1.95 1.79
 1.93 1.13
 2.44 1.78
 0.51 2.55
 0.41 0.58
 1.37 1.29
 0.64 2.29
 0.92 2.38
 0.70 2.42
 0.20 1.37
 3.57 1.94
 2.58 3.60
 2.30 1.88
 1.72 1.29
 0.34 0.59
 1.50 2.79
 0.88 0.87
 1.31 0.78
 0.87 0.93
 0.53 0.45
 5.43 2.28
 1.28 0.75
 0.25 0.37
 0.76 1.02
 0.16 0.89
 2.38 1.73
 0.19 0.16
 1.28 2.03
 2.16 1.31
 0.19 0.46
 0.29 0.42
 0.90 0.69
 1.39 0.79
 1.52 0.86
 3.31 1.89
 2.76 2.63
 0.39 0.59
 1.51 1.84
 0.53 0.21
 0.35 0.80
 0.32 0.60
 1.56 0.93
 1.49 0.54
 0.80 0.71
 0.46 0.94
 2.54 2.21
 0.25 0.64
 0.21 0.33
 0.60 0.50
 1.91 1.38
 0.68 0.74
 2.75 1.49
 2.60 1.87
 1.24 1.23
 0.47 1.25
 0.36 0.71
 3.16 2.97
 0.69 0.75
 2.96 2.17
 0.43 0.79
 0.85 0.98
 0.51 0.57
 0.60 1.00
 0.89 1.75
 2.07 1.53
 2.11 2.98
 1.32 2.29
 0.67 0.91
 0.26 0.80
 0.90 0.76
 0.17 0.51
 0.35 0.84
 1.20 2.06
 2.26 1.79
 2.48 2.13
 2.47 2.82
 0.36 0.42
 2.69 2.44
 2.16 1.47
 0.23 0.60
 2.22 2.09
 0.21 0.62
 0.07 0.18
 0.32 0.48
 0.87 0.81
 0.84 1.19
 0.47 0.72
 2.05 1.43
 0.36 0.42
 1.11 0.75
 0.41 2.13
 0.54 0.69
 2.25 1.94
 1.32 1.54
 1.07 1.34
 2.12 2.03
 1.68 1.36
 0.28 0.06
 0.02 0.44
 0.12 -0.11
 1.11 1.17
 4.07 3.06
 2.10 1.62
 1.27 1.23
 0.62 0.20
 0.60 1.82
 2.93 3.24
 0.17 0.54
 1.45 1.61
 1.68 2.18
 3.53 2.69
 0.09 -0.04
 0.79 0.53
 0.14 0.37
 2.31 2.69
 3.98 2.79
 0.65 0.79
 1.97 3.51
 1.57 3.85
 0.69 0.49
 0.25 0.83
 2.86 1.65
 0.64 2.27
 0.90 0.71
 0.46 0.85
 0.95 1.15
 1.26 0.26
 1.63 0.78
 0.41 1.93
 0.79 1.07
 3.56 1.75
 0.35 0.03
 0.13 0.15
 0.73 0.73
 0.55 0.52
 0.43 1.59
 0.27 0.82
 1.06 2.08
 0.72 1.68
 1.23 0.78
 0.94 1.81
 1.18 1.18
 1.01 1.13
 1.20 1.78
 0.44 0.10
 0.28 1.97
 0.65 0.81
 1.14 2.60
 0.55 1.08
 1.06 2.27
 1.86 1.26
 3.10 2.05
 1.61 1.02
 0.42 0.59
 0.24 0.54
 0.79 1.65
 0.35 0.51
 0.33 1.01
 0.29 2.21
 1.82 2.81
 0.38 2.64
 0.72 1.18
 0.77 0.60
 1.03 1.27
 0.64 -0.20
 0.17 0.98
 1.11 1.24
 0.51 0.65
 2.40 3.21
 0.52 0.05
 0.31 0.80
 1.15 0.94
 0.22 0.93
 1.83 2.19
 0.54 0.61
 0.17 -0.01
 1.69 1.73
 1.63 1.42
 1.34 0.46
 0.92 0.52
 0.42 0.90
 4.17 2.15
 1.70 1.05
 1.74 1.50
 1.96 1.92
 0.46 0.56
 1.14 0.68
 0.46 1.06
 0.45 0.34
 2.69 1.80
 0.22 0.95
 0.52 0.09
 1.27 2.93
 2.06 1.02
 1.13 0.60
 0.04 0.83
 4.25 3.00
 1.56 1.06
 1.78 2.36
 2.30 3.50
 1.67 1.66
 0.08 1.27
 1.89 1.35
 1.51 1.12
 0.73 0.57
 1.65 1.56
 0.41 0.50
 1.19 1.21
 0.37 0.20
 1.15 1.11
 0.39 0.56
 0.28 0.79
 2.18 3.20
 1.13 0.41
 2.98 1.84
 0.77 0.78
 0.65 0.28
 0.12 0.36
 0.15 0.18
 0.69 0.42
 0.94 2.68
 0.47 1.07
 1.00 0.77
 0.85 2.44
 0.64 1.29
 0.99 1.26
 0.22 1.74
 0.94 0.87
 1.05 1.31
 1.03 1.03
 0.51 0.79
 0.84 1.40
 0.11 0.62
 0.88 0.40
 1.44 1.16
 0.81 0.63
 0.13 0.56
 1.11 1.04
 1.22 1.16
 0.68 1.56
 0.73 1.19
 1.98 1.25
 0.71 0.86
 6.32 3.17
 0.37 0.39
 0.96 0.95
 3.02 2.67
 1.18 0.25
 0.66 2.21
 1.96 1.23
 0.68 0.35
 0.91 0.71
 2.51 2.46
 3.73 3.23
 0.21 0.86
 2.06 1.81
 1.46 1.72
 0.54 1.08
 2.85 2.83
 1.17 1.23
 2.76 2.51
 1.65 1.62
 4.23 2.96
 0.99 1.82
 0.38 1.11
 0.75 1.85
 1.71 1.28
 2.19 0.98
 0.74 1.05
 2.20 2.24
 0.83 1.08
 1.32 0.35
 1.71 1.33
 1.98 2.11
 2.04 1.45
 5.53 3.32
 2.10 1.38
 1.02 1.30
 0.60 1.15
 1.88 2.09
 1.35 1.01
 1.37 0.79
 2.27 2.71
 0.75 0.81
 0.92 1.05
 0.56 0.68
 0.99 1.00
 1.83 1.39
 0.94 1.19
 2.40 1.56
 2.61 1.71
 1.78 2.93
 0.30 1.02
 1.46 1.01
 0.09 0.19
 1.38 0.88
 1.29 0.82
 0.15 0.35
 1.59 1.95
 0.68 1.73
 0.04 1.20
 0.50 1.85
 2.15 1.60
 1.49 1.47
 1.91 3.84
 1.36 0.82
 3.24 2.61
 0.37 1.27
 0.77 1.20
 2.27 1.69
 2.08 1.63
 0.58 0.54
 0.44 0.63
 1.08 2.20
 0.65 1.40
 2.30 1.96
 3.48 3.30
 1.42 1.26
 0.82 1.38
 1.41 2.22
 0.95 0.59
 0.25 2.83
 1.17 0.63
 0.30 0.52
 1.40 1.32
 0.40 0.54
 2.05 4.16
 1.95 1.24
 0.75 1.73
 0.54 1.74
 0.16 0.70
 1.49 0.85
 2.45 3.08
 2.62 1.89
 1.40 1.56
 0.62 1.26
 1.63 1.20
 3.31 2.38
 0.18 1.13
 0.29 1.61
 0.91 1.76
 0.91 0.92
 0.37 0.53
 0.27 1.01
 0.72 0.66
 0.23 0.76
 0.86 -0.15
 6.50 3.64
 3.29 1.54
 0.74 1.65
 0.72 1.22
 2.84 3.18
 0.12 -0.10
 1.44 1.43
 6.17 3.54
 0.51 0.70
 0.37 0.95
 0.42 0.91
 6.83 3.52
 2.08 1.67
 0.83 0.99
 0.12 0.55
 4.34 3.26
 3.79 3.05
 4.15 3.41
 0.43 0.78
 2.85 1.87
 1.04 1.61
 3.64 2.81
 1.21 1.28
 0.47 0.86
 1.35 1.01
 1.34 1.32
 0.69 0.84
 0.68 2.08
 0.80 1.76
 0.40 1.23
 4.93 3.13
 1.34 0.73
 1.47 1.77
 1.26 2.12
 3.76 3.30
 2.11 1.44
 0.82 1.28
 0.70 0.61
 3.41 2.82
 2.49 2.40
 3.17 3.37
 2.81 3.59
 0.75 0.47
 1.02 0.71
 1.01 0.86
 1.43 1.21
 0.47 0.34
 0.88 1.06
 3.16 4.02
 0.83 0.78
 1.96 1.15
 0.81 1.12
 1.60 1.00
 1.11 1.53
 0.98 0.59
 1.11 0.98
 3.64 2.22
 1.66 1.25
 0.27 0.90
 1.23 0.74
 0.69 2.24
 0.86 0.96
 1.75 1.43
 4.00 3.28
 0.53 -0.24
 1.37 0.66
 3.31 2.33
 0.84 1.02
 1.33 1.82
 3.65 2.50
 0.54 0.66
 0.53 0.79
 1.55 1.28
 1.13 1.59
 1.55 0.95
 0.80 1.52
 0.32 0.89
 1.97 1.09
 2.01 2.26
 2.30 2.73
 3.02 2.28
 1.05 0.77
 3.46 2.66
 2.60 2.38
 0.77 0.75
 0.69 1.25
 0.27 1.53
 1.11 1.38
 1.02 2.02
 2.83 3.03
 0.22 0.37
 0.48 0.86
 3.53 2.49
 2.46 4.00
 2.73 3.00
 2.68 1.68
 2.72 1.89
 2.00 1.51
 2.44 2.63
 0.27 1.29
 2.02 1.58
 1.89 1.33
 0.53 0.68
 3.23 2.18
 0.42 0.75
 1.09 1.15
 0.28 0.35
 1.68 1.33
 0.15 0.55
 0.49 1.23
 2.08 1.97
 0.35 0.57
 3.51 2.40
 3.00 2.81
 2.73 1.68
 1.71 2.15
 0.32 0.96
 0.75 0.78
 0.63 1.67
 2.24 1.99
 1.57 1.26
 0.40 0.82
 3.30 1.94
 0.10 0.49
 1.00 0.55
 0.96 0.93
 0.96 1.27
 2.06 0.84
 4.02 3.30
 1.29 1.05
 1.22 1.01
 4.46 2.65
 0.72 0.50
 1.77 1.04
 0.11 0.48
 0.51 0.99
 1.59 1.27
 0.87 1.79
 2.87 2.81
 1.45 0.82
 0.10 0.40
 2.45 1.78
 2.58 2.38
 1.31 1.14
 1.33 0.91
 1.66 0.96
 0.38 0.18
 1.29 1.47
 1.66 1.15
 1.40 2.35
 0.86 0.95
 0.27 0.93
 2.34 3.04
 3.81 3.44
 0.45 1.02
 1.63 1.13
 3.80 4.24
 3.04 2.99
 0.13 0.13
 1.96 1.91
 1.00 1.60
 2.79 2.63
 1.57 0.88
 0.44 0.81
 0.36 0.78
 2.72 2.09
 1.04 1.51
 0.36 0.54
 0.91 0.85
 0.49 0.73
 1.57 1.19
 1.36 1.25
 0.85 0.75
 2.26 1.36
 0.44 0.73
 1.84 1.01
 1.02 1.52
 2.28 1.35
 1.68 1.06
 1.00 0.88
 0.44 2.42
 0.76 1.30
 0.79 1.24
 1.40 0.77
 2.61 1.60
 0.93 0.91
 0.57 1.19
 5.95 3.42
 0.33 0.70
 3.71 3.01
 1.85 1.27
 0.39 0.80
 1.83 1.22
 1.81 1.71
 0.31 1.08
 1.06 1.34
 3.61 2.03
 0.98 1.10
 2.09 1.65
 0.41 0.06
 0.96 1.38
 1.38 0.63
 2.45 1.94
 0.30 0.89
 1.03 0.96
 0.09 0.56
 1.31 1.06
 0.44 0.83
 1.22 1.40
 0.52 1.35
 0.53 0.52
 0.43 1.93
 0.60 0.92
 0.89 1.29
 0.37 0.82
 3.54 2.52
 0.07 0.23
 1.36 1.97
 1.45 1.27
 1.52 2.04
 2.43 1.59
 1.93 2.23
 1.75 1.74
 3.18 1.49
 6.48 4.76
 1.84 1.44
 1.12 0.61
 0.97 1.02
 1.84 1.28
 1.82 2.06
 0.45 0.86
 0.21 0.87
 2.21 1.91
 0.37 0.63
 1.56 2.60
 1.18 1.49
 2.12 1.40
 0.29 0.54
 0.80 0.86
 0.64 1.63
 0.58 0.35
 0.68 1.43
 1.38 1.03
 4.57 3.94
 1.05 0.40
 3.13 2.44
 4.29 3.94
 2.90 1.66
 0.70 0.79
 2.24 1.25
 2.25 1.32
 1.51 0.97
 0.18 0.52
 3.10 2.50
 5.29 4.90
 0.26 0.37
 0.62 0.91
 0.70 3.12
 2.11 1.38
 2.83 3.07
 1.58 1.29
 1.28 0.93
 1.08 0.44
 0.04 0.31
 3.22 1.98
 1.23 1.31
 1.21 1.18
 1.29 1.31
 2.20 4.04
 0.63 2.06
 0.32 0.91
 0.86 1.33
 0.56 1.00
 1.73 2.83
 2.36 1.43
 3.63 2.70
 4.49 3.06
 0.54 1.15
 2.77 2.39
 0.64 1.08
 0.49 -0.62
 0.46 0.08
 0.72 0.60
 0.54 1.03
 0.56 0.18
 1.25 3.34
 0.02 0.95
 0.72 0.66
 0.87 0.76
 4.46 2.59
 0.18 0.89
 2.20 2.32
 6.72 3.54
 0.69 1.36
 1.95 1.79
 0.68 0.63
 1.23 1.48
 3.84 2.36
 1.40 1.27
 0.19 0.35
 2.26 1.65
 0.96 1.00
 1.14 0.69
 0.58 1.46
 1.41 1.34
 0.89 -0.19
 0.17 0.34
 4.37 2.69
 0.65 1.05
 1.52 0.83
 0.14 0.15
 1.44 1.69
 1.20 1.74
 0.12 0.69
 0.37 0.64
 1.32 2.60
 0.01 0.40
 1.27 1.35
 1.20 0.82
 1.15 1.32
 0.49 0.77
 1.73 0.95
 0.13 0.29
 2.36 1.49
 2.43 2.21
 3.24 1.81
 0.84 0.89
 1.90 1.92
 0.60 0.87
 1.29 1.11
 0.27 0.63
 0.37 0.91
 0.31 2.12
 1.20 0.95
 1.60 2.77
 2.51 1.54
 2.84 2.14
 1.42 1.28
 2.47 2.08
 1.32 0.90
 1.31 1.24
 1.78 1.41
 1.00 1.08
 1.93 1.98
 0.10 0.32
 1.85 1.83
 0.28 0.85
 0.36 1.08
 1.93 1.80
 1.53 1.41
 0.82 0.60
 1.30 0.87
 3.48 3.38
 1.33 1.39
 0.32 0.60
 1.46 1.46
 1.07 0.49
 0.43 0.41
 2.68 2.20
 0.21 0.56
 1.22 1.49
 0.56 1.27
 0.15 0.64
 5.40 4.32
 0.50 1.03
 0.31 0.42
 2.71 2.54
 1.32 0.96
 0.61 1.02
 0.74 1.34
 0.44 1.56
 1.21 1.33
 0.93 0.94
 1.36 1.23
 1.12 0.96
 1.09 0.79
 0.18 0.55
 0.47 0.42
 1.21 0.75
 3.67 2.67
 0.63 0.78
 1.67 1.04
 1.19 0.70
 1.36 1.22
 3.97 2.80
 1.14 1.55
 1.35 1.14
 1.85 1.26
 1.29 0.71
 0.42 0.71
 0.71 0.48
 2.77 2.44
 1.49 0.70
 2.35 1.75
 0.22 1.58
 0.80 1.05
 1.61 0.91
 1.79 1.07
 0.26 0.11
 2.32 1.52
 1.42 1.25
 5.52 3.26
 4.92 3.41
 2.89 1.90
 1.46 1.82
 1.07 1.27
 2.72 1.80
 0.20 1.51
 0.58 2.18
 1.25 3.59
 2.93 2.26
 0.42 2.83
 3.50 2.17
 3.06 2.56
 0.48 0.52
 3.18 2.71
 1.84 1.62
 0.73 1.88
 2.17 2.35
 0.31 0.79
 2.35 1.46
 1.54 0.74
 2.31 1.31
 0.62 0.65
 0.67 0.37
 2.09 2.47
 2.00 1.32
 4.88 2.90
 4.31 3.63
 0.75 0.71
 1.24 2.32
 0.27 1.33
 0.47 0.46
 0.50 1.04
 0.68 0.65
 0.25 0.51
 0.50 0.07
 1.05 1.08
 5.60 3.02
 1.19 0.80
 2.67 2.71
 1.12 0.62
 0.46 0.47
 1.32 0.78
 1.20 0.87
 0.61 0.69
 0.97 1.17
 1.65 2.37
 0.12 0.72
 0.32 0.85
 0.68 1.49
 2.80 1.73
 0.82 0.70
 0.49 0.77
 2.28 3.32
 2.25 1.41
 2.44 2.48
 2.28 3.04
 2.22 1.52
 1.89 2.13
 2.77 2.31
 0.98 1.35
 2.23 1.55
 1.80 2.59
 2.28 1.77
 1.86 1.09
 0.20 0.02
 1.21 1.11
 1.82 1.25
 1.22 1.75
 1.86 1.34
 0.88 1.02
 1.52 1.30
 0.83 1.65
 1.06 0.74
 4.11 2.48
 0.36 1.17
 0.74 0.54
 1.16 0.70
 0.17 0.64
 1.14 1.03
 4.67 4.68
 1.94 1.53
 0.81 0.73
 1.86 1.56
 2.26 3.73
 3.05 1.87
 0.51 0.51
 2.11 1.68
 2.32 2.13
 0.23 1.85
 2.69 1.85
 1.86 1.69
 2.00 1.57
 0.46 0.85
 2.13 1.54
 0.47 0.51
 0.67 1.18
 0.57 0.64
 1.26 1.11
 2.26 2.04
 2.94 3.79
 0.71 0.41
 1.53 0.88
 0.47 2.92
 2.09 1.71
 2.60 1.65
 0.75 0.49
 3.34 2.10
 1.78 1.43
 0.36 0.80
 1.66 2.00
 1.55 2.67
 1.08 1.27
 0.17 0.64
 0.21 1.63
 0.39 0.66
 0.39 0.80
 1.32 1.26
 1.04 1.36
 0.48 1.35
 3.83 2.33
 1.64 1.88
 2.20 1.78
 0.29 1.33
 2.33 1.84
 0.96 1.17
 2.22 0.83
 2.08 1.53
 0.47 0.74
 3.49 2.03
 4.43 2.98
 1.48 1.15
 1.96 1.37
 0.97 0.93
 1.02 0.56
 2.72 1.84
 0.76 0.72
 1.24 1.34
 0.70 1.32
 0.73 0.50
 1.80 0.97
 1.26 0.94
 1.77 2.82
 0.95 1.21
 0.47 0.25
 2.62 1.67
 1.31 1.58
 2.99 2.21
 0.58 0.63
 1.66 0.82
 1.66 1.69
 0.87 0.94
 1.07 1.00
 1.50 -0.08
 2.19 2.29
 1.43 1.72
 1.22 0.77
 0.96 0.94
 0.74 1.04
 0.56 0.76
 0.56 0.50
 0.16 0.65
 2.02 1.82
 2.28 1.67
 0.67 2.04
 3.05 2.38
 0.77 0.63
 2.81 3.62
 2.43 3.21
 2.38 3.13
 0.88 0.82
 2.32 3.21
 1.52 1.33
 1.24 0.88
 1.71 1.57
 0.47 1.66
 0.64 0.25
 1.33 1.44
 2.00 3.52
 0.24 0.59
 0.52 0.26
 2.51 3.45
 1.24 1.66
 1.25 2.02
 0.85 1.04
 0.47 0.13
 0.54 0.89
 0.51 0.77
 0.44 0.77
 0.95 1.41
 2.04 1.68
 0.31 0.63
 1.01 0.44
 0.49 0.58
 1.27 0.83
 1.74 1.53
 1.34 0.85
 3.24 2.32
 0.50 1.71
 0.64 0.58
 1.37 0.82
 2.06 1.28
 1.07 3.16
 0.16 0.34
 1.40 2.07
 2.38 1.61
 4.87 3.65
 0.86 1.14
 0.34 0.50
 0.83 1.38
 1.44 1.19
 0.33 0.39
 2.02 1.28
 1.46 1.34
 0.39 1.19
 2.93 2.60
 0.69 0.86
 1.47 1.69
 1.47 1.46
 0.83 0.75
 0.13 -0.35
 1.81 1.29
 3.01 2.48
 0.50 0.70
 2.44 1.75
 0.13 -0.13
 0.30 0.54
 2.64 2.34
 0.21 0.28
 0.46 0.66
 3.16 3.27
 1.57 1.30
 2.11 1.41
 0.43 0.84
 0.82 0.84
 0.56 0.32
 0.17 0.45
 1.53 1.89
 0.33 0.85
 0.61 1.37
 0.29 0.46
 1.42 1.28
 3.93 3.56
 1.24 1.02
 0.44 0.52
 0.44 -0.19
 0.71 2.22
 2.72 2.11
 1.16 1.22
 1.33 1.46
 0.51 1.51
 0.72 0.97
 0.77 0.41
 2.58 2.35
 1.01 1.63
 0.82 0.71
 0.86 0.59
 1.96 1.80
 2.27 2.10
 0.88 1.50
 0.76 0.86
 0.34 0.53
 0.93 1.21
 0.29 0.36
 0.87 0.69
 1.38 0.86
 1.41 1.60
 0.73 0.02
 0.57 1.50
 2.13 1.30
 0.52 1.06
 1.50 0.95
 1.32 3.16
 1.47 1.19
 0.87 0.86
 3.07 2.61
 1.21 1.32
 0.55 0.67
 0.92 1.28
 2.14 1.44
 0.85 0.65
 1.62 1.11
 5.11 2.65
 1.20 1.67
 0.47 3.21
 1.39 1.43
 1.63 1.72
 0.46 0.87
 2.49 1.15
 0.11 0.50
 0.60 0.61
 1.03 1.40
 4.58 3.30
 4.08 2.96
 0.30 0.82
 1.19 1.36
 3.87 2.59
 3.95 2.73
 2.20 1.46
 0.76 2.48
 3.11 2.26
 3.15 2.50
 0.22 1.24
 1.80 1.17
 2.00 1.04
 0.67 1.28
 4.85 4.01
 0.28 -0.49
 0.10 -0.00
 0.76 0.72
 2.72 2.78
 0.49 0.96
 0.38 0.20
 0.69 2.17
 1.25 1.10
 0.53 0.91
 1.20 0.51
 0.62 1.00
 2.16 1.16
 3.08 2.12
 0.55 0.89
 1.71 2.75
 1.08 0.48
 0.40 0.67
 0.64 0.83
 0.56 0.62
 1.20 0.77
 0.28 1.15
 0.78 0.89
 0.25 0.16
 1.02 1.00
 1.78 2.25
 2.05 3.90
