 0.53 0.43
 0.52 0.34
 0.44 1.63
 0.45 0.71
 0.42 2.01
 0.36 1.05
 1.93 1.72
 2.27 1.13
 0.23 0.30
 0.75 2.36
 1.78 1.12
 2.42 2.43
 1.14 1.84
 0.30 0.60
 1.72 0.40
 0.35 0.70
 0.37 0.92
 1.80 1.77
 0.55 0.83
 0.92 0.27
 2.29 1.29
 0.42 0.66
 0.49 0.90
 0.43 0.61
 2.89 2.29
 0.55 1.36
 0.97 0.89
 1.15 1.83
 2.69 1.99
 0.67 1.31
 3.51 2.50
 2.82 2.34
 1.02 0.14
 0.55 2.41
 2.18 1.96
 2.79 2.58
 1.96 2.10
 2.26 2.13
 0.70 1.35
 2.01 2.13
 1.96 1.65
 1.40 2.81
 0.80 0.54
 3.46 2.28
 0.36 0.54
 0.74 0.55
 0.35 0.45
 0.96 0.66
 1.51 1.02
 0.92 1.40
 0.45 0.51
 5.43 4.51
 0.30 0.52
 0.45 0.85
 0.53 0.60
 0.64 1.15
 0.50 0.96
 1.44 1.07
 0.80 0.56
 1.33 0.64
 0.80 0.67
 0.75 1.16
 0.47 1.77
 1.59 1.56
 0.50 0.34
 1.14 0.78
 1.97 2.97
 2.00 1.74
 1.53 0.98
 1.31 1.35
 0.19 0.34
 0.92 1.72
 1.11 1.12
 2.76 2.71
 1.16 1.14
 5.41 4.09
 1.20 0.72
 0.83 0.59
 1.50 1.06
 0.50 0.69
 0.38 0.66
 0.68 1.14
 0.99 1.62
 2.07 2.06
 0.60 0.61
 1.11 0.71
 0.29 0.43
 0.82 1.07
 1.90 1.41
 0.44 2.68
 3.38 2.55
 0.90 1.20
 0.60 1.00
 2.19 1.31
 2.04 1.13
 1.88 3.08
 1.94 1.33
 4.28 3.18
 1.23 2.31
 0.36 0.85
 1.21 0.80
 1.61 0.88
 1.03 0.90
 1.30 1.50
 0.70 0.65
 1.35 0.97
 1.70 2.24
 0.95 1.22
 0.66 0.54
 0.95 2.28
 0.82 0.54
 1.18 0.99
 1.00 0.50
 1.04 1.28
 1.18 0.63
 1.00 0.84
 2.30 1.53
 0.97 0.61
 0.99 1.02
 2.66 2.25
 1.10 1.39
 0.69 0.82
 2.75 1.96
 3.74 2.25
 0.67 2.02
 1.05 4.22
 8.00 2.55
 0.26 1.34
 1.54 1.85
 0.75 1.84
 0.98 3.33
 1.35 1.49
 0.67 0.71
 1.51 0.78
 0.21 0.45
 1.25 0.71
 2.51 1.75
 0.24 1.78
 3.56 2.18
 3.36 2.13
 1.24 0.45
 0.18 -0.08
 0.19 0.36
 1.42 1.27
 0.91 3.19
 4.66 2.75
 1.00 2.07
 0.78 0.31
 0.81 0.58
 0.58 0.57
 1.90 1.67
 0.74 0.58
 0.26 0.89
 0.47 -0.15
 1.21 0.49
 0.16 0.25
 1.28 1.01
 0.94 1.12
 0.95 1.78
 1.06 1.66
 0.76 0.87
 0.23 0.52
 1.01 1.41
 0.60 1.32
 0.73 0.55
 2.23 1.49
 2.89 2.93
 0.35 0.97
 0.54 0.81
 0.95 1.68
 0.33 1.05
 0.66 1.16
 0.82 1.55
 0.41 0.52
 2.43 1.73
 3.89 3.07
 1.34 1.59
 0.47 0.86
 1.42 0.85
 2.28 1.66
 0.65 1.33
 1.00 3.00
 0.60 0.92
 0.64 0.72
 0.53 1.92
 0.33 0.83
 1.68 1.25
 1.62 1.51
 1.15 2.31
 0.27 0.34
 0.21 0.12
 0.33 1.00
 0.45 0.58
 2.25 2.51
 0.52 2.40
 0.62 1.09
 0.67 0.97
 1.04 0.73
 3.15 1.40
 1.12 0.77
 0.44 1.30
 2.37 0.76
 2.08 1.37
 0.18 -0.70
 0.49 1.69
 0.40 0.71
 1.96 2.13
 0.33 1.51
 1.37 1.08
 0.36 1.04
 1.63 1.08
 0.34 1.31
 1.28 0.93
 0.20 0.42
 3.72 3.85
 0.64 0.43
 1.24 1.00
 0.42 0.89
 0.21 1.14
 1.95 1.79
 1.93 1.14
 2.44 1.78
 0.51 2.65
 0.41 0.54
 1.37 1.20
 0.64 2.22
 0.92 2.33
 0.70 2.93
 0.20 1.27
 3.57 1.93
 2.58 3.41
 2.30 2.01
 1.72 1.50
 0.34 0.39
 1.50 2.78
 0.88 0.86
 1.31 0.85
 0.87 0.95
 0.53 0.55
 5.43 2.20
 1.28 0.78
 0.25 0.60
 0.76 1.02
 0.16 0.88
 2.38 2.95
 0.19 0.68
 1.28 1.86
 2.16 0.97
 0.19 -1.30
 0.29 0.25
 0.90 0.70
 1.39 1.30
 1.52 1.61
 3.31 1.77
 2.76 2.63
 0.39 0.68
 1.51 1.76
 0.53 0.46
 0.35 0.80
 0.32 0.63
 1.56 0.89
 1.49 0.71
 0.80 0.71
 0.46 0.91
 2.54 2.43
 0.25 0.56
 0.21 0.05
 0.60 0.32
 1.91 1.24
 0.68 0.69
 2.75 1.24
 2.60 1.93
 1.24 1.17
 0.47 1.28
 0.36 0.61
 3.16 3.02
 0.69 0.44
 2.96 2.09
 0.43 0.82
 0.85 0.92
 0.51 0.55
 0.60 1.03
 0.89 1.65
 2.07 1.22
 2.11 2.32
 1.32 2.25
 0.67 0.86
 0.26 0.69
 0.90 0.80
 0.17 -1.02
 0.35 0.86
 1.20 2.01
 2.26 1.81
 2.48 2.15
 2.47 2.88
 0.36 0.56
 2.69 2.51
 2.16 2.00
 0.23 0.47
 2.22 1.95
 0.21 0.69
 0.07 -0.11
 0.32 0.37
 0.87 0.93
 0.84 1.26
 0.47 0.92
 2.05 1.49
 0.36 -1.29
 1.11 0.83
 0.41 2.06
 0.54 0.45
 2.25 2.10
 1.32 1.75
 1.07 0.95
 2.12 1.97
 1.68 1.49
 0.28 0.26
 0.02 0.51
 0.12 0.15
 1.11 1.41
 4.07 4.21
 2.10 1.58
 1.27 1.28
 0.62 0.79
 0.60 1.86
 2.93 3.04
 0.17 0.58
 1.45 1.59
 1.68 2.33
 3.53 2.72
 0.09 0.38
 0.79 0.56
 0.14 0.49
 2.31 2.59
 3.98 2.83
 0.65 0.90
 1.97 3.63
 1.57 3.76
 0.69 0.62
 0.25 0.83
 2.86 1.74
 0.64 2.43
 0.90 0.70
 0.46 1.01
 0.95 1.20
 1.26 0.44
 1.63 0.95
 0.41 2.18
 0.79 1.21
 3.56 1.71
 0.35 0.39
 0.13 0.17
 0.73 0.96
 0.55 0.66
 0.43 1.53
 0.27 0.77
 1.06 1.97
 0.72 1.67
 1.23 0.62
 0.94 1.77
 1.18 1.31
 1.01 1.10
 1.20 1.59
 0.44 0.42
 0.28 1.79
 0.65 0.54
 1.14 2.66
 0.55 1.12
 1.06 2.20
 1.86 1.28
 3.10 2.05
 1.61 0.99
 0.42 0.66
 0.24 0.20
 0.79 1.67
 0.35 0.60
 0.33 0.93
 0.29 2.17
 1.82 2.79
 0.38 2.58
 0.72 0.93
 0.77 0.67
 1.03 1.18
 0.64 0.26
 0.17 0.98
 1.11 1.23
 0.51 0.66
 2.40 3.25
 0.52 0.27
 0.31 1.03
 1.15 0.92
 0.22 1.02
 1.83 2.01
 0.54 0.66
 0.17 0.36
 1.69 2.07
 1.63 1.32
 1.34 1.39
 0.92 0.66
 0.42 1.02
 4.17 2.29
 1.70 1.06
 1.74 1.43
 1.96 1.80
 0.46 0.55
 1.14 0.72
 0.46 1.06
 0.45 0.01
 2.69 1.58
 0.22 0.83
 0.52 0.48
 1.27 3.21
 2.06 0.98
 1.13 0.92
 0.04 0.90
 4.25 2.95
 1.56 1.02
 1.78 2.22
 2.30 3.60
 1.67 1.57
 0.08 1.30
 1.89 1.43
 1.51 1.10
 0.73 0.55
 1.65 1.46
 0.41 0.58
 1.19 1.18
 0.37 0.35
 1.15 1.07
 0.39 0.60
 0.28 0.90
 2.18 3.50
 1.13 0.38
 2.98 1.94
 0.77 0.88
 0.65 0.31
 0.12 0.55
 0.15 0.25
 0.69 1.02
 0.94 2.89
 0.47 1.27
 1.00 0.73
 0.85 2.78
 0.64 1.26
 0.99 1.22
 0.22 2.01
 0.94 0.90
 1.05 1.30
 1.03 0.99
 0.51 0.39
 0.84 1.37
 0.11 0.35
 0.88 0.60
 1.44 1.08
 0.81 0.48
 0.13 0.19
 1.11 0.95
 1.22 1.02
 0.68 1.58
 0.73 1.29
 1.98 1.16
 0.71 0.92
 6.32 3.21
 0.37 0.53
 0.96 1.03
 3.02 2.79
 1.18 0.59
 0.66 2.24
 1.96 1.12
 0.68 0.34
 0.91 0.62
 2.51 2.40
 3.73 3.64
 0.21 0.93
 2.06 1.69
 1.46 1.52
 0.54 1.11
 2.85 2.88
 1.17 1.31
 2.76 2.63
 1.65 1.58
 4.23 2.81
 0.99 1.65
 0.38 1.23
 0.75 1.81
 1.71 1.24
 2.19 1.03
 0.74 1.12
 2.20 2.10
 0.83 1.02
 1.32 0.84
 1.71 1.30
 1.98 2.03
 2.04 1.24
 5.53 3.41
 2.10 1.29
 1.02 1.39
 0.60 1.14
 1.88 1.99
 1.35 1.00
 1.37 1.36
 2.27 2.55
 0.75 0.74
 0.92 1.14
 0.56 0.71
 0.99 0.89
 1.83 1.28
 0.94 1.25
 2.40 1.65
 2.61 1.59
 1.78 2.90
 0.30 0.97
 1.46 1.06
 0.09 0.58
 1.38 0.91
 1.29 0.95
 0.15 0.09
 1.59 1.87
 0.68 1.80
 0.04 1.34
 0.50 1.89
 2.15 1.77
 1.49 1.48
 1.91 3.80
 1.36 0.83
 3.24 2.62
 0.37 1.23
 0.77 1.09
 2.27 1.70
 2.08 1.37
 0.58 0.41
 0.44 0.42
 1.08 2.47
 0.65 1.45
 2.30 1.81
 3.48 3.35
 1.42 1.32
 0.82 1.48
 1.41 1.97
 0.95 0.58
 0.25 2.76
 1.17 0.52
 0.30 0.53
 1.40 1.25
 0.40 0.58
 2.05 4.14
 1.95 1.11
 0.75 1.71
 0.54 1.69
 0.16 0.90
 1.49 0.78
 2.45 3.09
 2.62 1.80
 1.40 1.55
 0.62 1.21
 1.63 0.86
 3.31 2.32
 0.18 1.07
 0.29 1.51
 0.91 1.83
 0.91 1.09
 0.37 0.44
 0.27 0.89
 0.72 0.75
 0.23 0.81
 0.86 0.63
 6.50 3.26
 3.29 1.67
 0.74 1.47
 0.72 1.44
 2.84 3.16
 0.12 -0.17
 1.44 1.82
 6.17 3.17
 0.51 0.77
 0.37 0.99
 0.42 0.94
 6.83 3.29
 2.08 1.56
 0.83 0.98
 0.12 0.41
 4.34 3.34
 3.79 3.01
 4.15 3.32
 0.43 0.82
 2.85 1.69
 1.04 1.41
 3.64 2.90
 1.21 1.17
 0.47 0.94
 1.35 1.12
 1.34 1.41
 0.69 0.88
 0.68 2.10
 0.80 1.85
 0.40 1.24
 4.93 2.91
 1.34 0.65
 1.47 1.77
 1.26 2.22
 3.76 3.46
 2.11 1.43
 0.82 1.34
 0.70 0.63
 3.41 2.82
 2.49 2.34
 3.17 3.78
 2.81 3.82
 0.75 0.55
 1.02 0.76
 1.01 0.90
 1.43 1.13
 0.47 0.83
 0.88 0.79
 3.16 4.09
 0.83 0.74
 1.96 0.99
 0.81 1.17
 1.60 0.75
 1.11 1.55
 0.98 0.35
 1.11 1.31
 3.64 2.23
 1.66 1.45
 0.27 0.95
 1.23 0.78
 0.69 2.26
 0.86 0.99
 1.75 1.50
 4.00 3.32
 0.53 0.15
 1.37 0.63
 3.31 2.37
 0.84 1.10
 1.33 1.84
 3.65 2.54
 0.54 0.54
 0.53 0.92
 1.55 1.22
 1.13 1.52
 1.55 0.94
 0.80 1.53
 0.32 0.93
 1.97 1.09
 2.01 2.07
 2.30 2.80
 3.02 2.28
 1.05 0.71
 3.46 2.66
 2.60 2.43
 0.77 0.75
 0.69 1.18
 0.27 1.57
 1.11 1.33
 1.02 2.17
 2.83 3.10
 0.22 0.33
 0.48 0.73
 3.53 2.57
 2.46 3.51
 2.73 3.17
 2.68 1.61
 2.72 1.86
 2.00 1.37
 2.44 2.62
 0.27 1.19
 2.02 1.18
 1.89 1.17
 0.53 0.86
 3.23 2.14
 0.42 0.76
 1.09 1.20
 0.28 0.18
 1.68 1.30
 0.15 0.75
 0.49 1.19
 2.08 2.00
 0.35 0.35
 3.51 2.30
 3.00 2.81
 2.73 1.58
 1.71 2.08
 0.32 1.09
 0.75 0.85
 0.63 1.75
 2.24 1.97
 1.57 1.04
 0.40 0.86
 3.30 1.97
 0.10 0.23
 1.00 0.64
 0.96 0.85
 0.96 1.15
 2.06 0.92
 4.02 3.53
 1.29 0.74
 1.22 1.19
 4.46 2.83
 0.72 0.43
 1.77 1.11
 0.11 0.35
 0.51 1.05
 1.59 1.14
 0.87 1.73
 2.87 2.80
 1.45 0.82
 0.10 0.26
 2.45 1.74
 2.58 2.43
 1.31 1.65
 1.33 1.06
 1.66 0.96
 0.38 0.06
 1.29 1.27
 1.66 1.15
 1.40 2.33
 0.86 1.07
 0.27 0.94
 2.34 3.16
 3.81 3.24
 0.45 0.89
 1.63 1.12
 3.80 4.16
 3.04 3.05
 0.13 0.21
 1.96 1.95
 1.00 1.61
 2.79 2.60
 1.57 0.89
 0.44 0.68
 0.36 0.81
 2.72 2.05
 1.04 1.46
 0.36 0.68
 0.91 0.87
 0.49 0.62
 1.57 1.10
 1.36 1.23
 0.85 0.63
 2.26 1.27
 0.44 0.74
 1.84 0.88
 1.02 1.44
 2.28 1.20
 1.68 1.45
 1.00 1.29
 0.44 2.51
 0.76 1.36
 0.79 1.35
 1.40 0.81
 2.61 1.59
 0.93 0.90
 0.57 1.09
 5.95 3.58
 0.33 0.58
 3.71 2.97
 1.85 1.10
 0.39 0.92
 1.83 1.03
 1.81 1.57
 0.31 1.08
 1.06 1.10
 3.61 1.96
 0.98 1.07
 2.09 1.55
 0.41 0.28
 0.96 1.49
 1.38 0.39
 2.45 2.19
 0.30 1.00
 1.03 0.98
 0.09 0.63
 1.31 0.99
 0.44 0.90
 1.22 1.44
 0.52 1.31
 0.53 0.47
 0.43 1.98
 0.60 0.86
 0.89 1.15
 0.37 1.01
 3.54 2.50
 0.07 0.08
 1.36 1.99
 1.45 1.41
 1.52 2.33
 2.43 1.60
 1.93 2.20
 1.75 1.88
 3.18 1.70
 6.48 4.58
 1.84 1.27
 1.12 0.68
 0.97 0.98
 1.84 0.33
 1.82 1.95
 0.45 0.75
 0.21 0.89
 2.21 1.76
 0.37 0.58
 1.56 2.91
 1.18 1.27
 2.12 1.63
 0.29 0.61
 0.80 0.92
 0.64 1.71
 0.58 0.44
 0.68 1.36
 1.38 0.73
 4.57 4.15
 1.05 0.42
 3.13 2.40
 4.29 3.68
 2.90 1.54
 0.70 0.63
 2.24 1.22
 2.25 1.19
 1.51 0.85
 0.18 0.39
 3.10 2.55
 5.29 4.68
 0.26 -0.05
 0.62 0.91
 0.70 3.25
 2.11 1.39
 2.83 3.28
 1.58 1.42
 1.28 0.90
 1.08 0.58
 0.04 0.44
 3.22 1.94
 1.23 1.29
 1.21 1.11
 1.29 1.51
 2.20 3.92
 0.63 2.12
 0.32 0.79
 0.86 1.17
 0.56 0.90
 1.73 2.31
 2.36 1.39
 3.63 3.20
 4.49 3.14
 0.54 1.17
 2.77 2.28
 0.64 1.36
 0.49 0.08
 0.46 -0.23
 0.72 2.11
 0.54 1.18
 0.56 0.42
 1.25 3.28
 0.02 1.00
 0.72 0.67
 0.87 0.71
 4.46 2.75
 0.18 1.08
 2.20 2.34
 6.72 3.49
 0.69 1.33
 1.95 1.85
 0.68 0.31
 1.23 1.30
 3.84 2.41
 1.40 1.20
 0.19 0.34
 2.26 1.60
 0.96 0.94
 1.14 0.68
 0.58 1.45
 1.41 0.67
 0.89 0.30
 0.17 0.03
 4.37 3.07
 0.65 1.00
 1.52 0.22
 0.14 0.23
 1.44 1.91
 1.20 1.77
 0.12 0.64
 0.37 1.00
 1.32 2.81
 0.01 0.39
 1.27 1.37
 1.20 0.81
 1.15 1.07
 0.49 0.53
 1.73 0.77
 0.13 0.29
 2.36 1.58
 2.43 2.35
 3.24 1.86
 0.84 0.76
 1.90 1.83
 0.60 1.04
 1.29 0.91
 0.27 1.27
 0.37 0.83
 0.31 2.24
 1.20 0.95
 1.60 2.99
 2.51 1.46
 2.84 2.11
 1.42 1.24
 2.47 1.93
 1.32 0.87
 1.31 1.35
 1.78 1.23
 1.00 1.17
 1.93 1.85
 0.10 0.07
 1.85 1.77
 0.28 0.64
 0.36 1.05
 1.93 1.66
 1.53 1.31
 0.82 0.43
 1.30 0.52
 3.48 3.64
 1.33 1.23
 0.32 0.63
 1.46 1.29
 1.07 0.56
 0.43 0.85
 2.68 2.19
 0.21 0.08
 1.22 1.40
 0.56 1.17
 0.15 0.66
 5.40 4.13
 0.50 1.02
 0.31 -0.07
 2.71 2.47
 1.32 1.02
 0.61 0.97
 0.74 1.24
 0.44 1.54
 1.21 1.29
 0.93 0.93
 1.36 1.22
 1.12 0.79
 1.09 0.78
 0.18 0.72
 0.47 0.44
 1.21 0.79
 3.67 2.68
 0.63 0.79
 1.67 1.07
 1.19 0.75
 1.36 1.28
 3.97 2.85
 1.14 2.23
 1.35 1.24
 1.85 1.20
 1.29 0.75
 0.42 0.70
 0.71 0.66
 2.77 2.35
 1.49 0.74
 2.35 1.76
 0.22 1.60
 0.80 1.33
 1.61 0.91
 1.79 1.13
 0.26 0.04
 2.32 1.32
 1.42 1.25
 5.52 3.24
 4.92 3.27
 2.89 1.88
 1.46 1.87
 1.07 1.34
 2.72 1.41
 0.20 1.44
 0.58 2.10
 1.25 3.36
 2.93 2.12
 0.42 3.09
 3.50 2.15
 3.06 2.52
 0.48 0.50
 3.18 2.85
 1.84 1.85
 0.73 1.63
 2.17 2.28
 0.31 0.83
 2.35 1.40
 1.54 0.65
 2.31 1.24
 0.62 0.72
 0.67 0.48
 2.09 2.30
 2.00 1.26
 4.88 2.84
 4.31 3.92
 0.75 0.88
 1.24 2.29
 0.27 1.51
 0.47 1.02
 0.50 0.77
 0.68 0.38
 0.25 0.50
 0.50 -0.21
 1.05 1.15
 5.60 3.10
 1.19 0.75
 2.67 2.74
 1.12 0.68
 0.46 0.50
 1.32 1.01
 1.20 0.80
 0.61 0.32
 0.97 1.50
 1.65 2.34
 0.12 0.70
 0.32 1.04
 0.68 1.36
 2.80 1.69
 0.82 0.50
 0.49 0.90
 2.28 3.49
 2.25 1.23
 2.44 2.41
 2.28 2.70
 2.22 1.48
 1.89 2.00
 2.77 2.26
 0.98 1.36
 2.23 1.88
 1.80 2.81
 2.28 1.57
 1.86 1.09
 0.20 -0.35
 1.21 1.23
 1.82 1.22
 1.22 1.68
 1.86 1.48
 0.88 1.22
 1.52 1.35
 0.83 1.57
 1.06 0.73
 4.11 2.40
 0.36 1.03
 0.74 0.66
 1.16 0.71
 0.17 0.62
 1.14 0.82
 4.67 4.57
 1.94 1.44
 0.81 0.76
 1.86 1.50
 2.26 3.68
 3.05 1.86
 0.51 0.39
 2.11 1.75
 2.32 2.07
 0.23 1.77
 2.69 1.76
 1.86 1.65
 2.00 1.60
 0.46 0.39
 2.13 1.52
 0.47 0.73
 0.67 1.13
 0.57 0.45
 1.26 1.14
 2.26 1.93
 2.94 4.08
 0.71 0.43
 1.53 1.07
 0.47 3.04
 2.09 1.68
 2.60 1.67
 0.75 0.50
 3.34 2.17
 1.78 1.33
 0.36 0.93
 1.66 1.91
 1.55 2.66
 1.08 1.67
 0.17 0.40
 0.21 1.63
 0.39 0.84
 0.39 1.00
 1.32 1.01
 1.04 1.38
 0.48 1.28
 3.83 2.34
 1.64 1.92
 2.20 1.66
 0.29 1.42
 2.33 1.78
 0.96 0.77
 2.22 1.03
 2.08 1.52
 0.47 0.98
 3.49 1.98
 4.43 3.15
 1.48 1.03
 1.96 1.48
 0.97 0.94
 1.02 0.63
 2.72 1.84
 0.76 0.97
 1.24 1.22
 0.70 1.25
 0.73 0.76
 1.80 1.05
 1.26 1.22
 1.77 2.67
 0.95 1.16
 0.47 0.27
 2.62 1.57
 1.31 1.65
 2.99 2.29
 0.58 0.81
 1.66 1.47
 1.66 1.61
 0.87 0.89
 1.07 0.90
 1.50 0.17
 2.19 2.43
 1.43 1.62
 1.22 0.65
 0.96 0.94
 0.74 0.97
 0.56 0.68
 0.56 0.56
 0.16 0.51
 2.02 1.78
 2.28 1.73
 0.67 2.11
 3.05 2.37
 0.77 0.54
 2.81 3.50
 2.43 3.41
 2.38 3.32
 0.88 0.86
 2.32 3.41
 1.52 1.30
 1.24 0.88
 1.71 1.61
 0.47 1.84
 0.64 0.65
 1.33 1.36
 2.00 3.51
 0.24 0.62
 0.52 0.57
 2.51 3.53
 1.24 1.45
 1.25 2.07
 0.85 0.90
 0.47 0.42
 0.54 0.81
 0.51 0.42
 0.44 0.75
 0.95 1.44
 2.04 1.63
 0.31 0.36
 1.01 0.58
 0.49 0.57
 1.27 0.83
 1.74 1.29
 1.34 0.77
 3.24 2.28
 0.50 1.59
 0.64 0.66
 1.37 0.92
 2.06 1.33
 1.07 3.37
 0.16 0.55
 1.40 1.87
 2.38 1.59
 4.87 3.56
 0.86 1.09
 0.34 0.57
 0.83 1.28
 1.44 1.23
 0.33 0.46
 2.02 1.28
 1.46 1.17
 0.39 1.09
 2.93 2.63
 0.69 0.79
 1.47 1.69
 1.47 1.47
 0.83 0.69
 0.13 0.04
 1.81 1.24
 3.01 2.42
 0.50 0.68
 2.44 1.76
 0.13 -0.61
 0.30 0.36
 2.64 2.33
 0.21 -0.13
 0.46 0.77
 3.16 3.38
 1.57 1.18
 2.11 1.40
 0.43 0.88
 0.82 1.00
 0.56 0.75
 0.17 0.54
 1.53 1.83
 0.33 0.86
 0.61 1.44
 0.29 0.67
 1.42 1.20
 3.93 3.50
 1.24 0.98
 0.44 0.04
 0.44 -0.55
 0.71 2.61
 2.72 2.01
 1.16 1.28
 1.33 1.55
 0.51 1.48
 0.72 0.87
 0.77 0.34
 2.58 2.26
 1.01 1.59
 0.82 0.71
 0.86 0.85
 1.96 1.54
 2.27 2.04
 0.88 1.48
 0.76 0.91
 0.34 0.69
 0.93 1.30
 0.29 0.56
 0.87 0.44
 1.38 0.79
 1.41 1.40
 0.73 0.87
 0.57 1.52
 2.13 1.30
 0.52 0.89
 1.50 0.96
 1.32 3.03
 1.47 1.29
 0.87 0.81
 3.07 2.63
 1.21 0.92
 0.55 0.65
 0.92 1.23
 2.14 1.37
 0.85 0.30
 1.62 1.16
 5.11 2.87
 1.20 1.62
 0.47 3.16
 1.39 1.54
 1.63 1.69
 0.46 0.73
 2.49 1.16
 0.11 0.64
 0.60 0.57
 1.03 1.36
 4.58 3.20
 4.08 2.93
 0.30 0.82
 1.19 1.29
 3.87 2.59
 3.95 2.82
 2.20 1.36
 0.76 2.89
 3.11 2.27
 3.15 2.55
 0.22 1.19
 1.80 1.14
 2.00 0.65
 0.67 1.28
 4.85 1.30
 0.28 -0.03
 0.10 0.19
 0.76 0.68
 2.72 3.04
 0.49 0.96
 0.38 0.41
 0.69 2.17
 1.25 1.38
 0.53 1.01
 1.20 0.50
 0.62 1.02
 2.16 1.10
 3.08 2.05
 0.55 0.88
 1.71 2.81
 1.08 0.58
 0.40 0.15
 0.64 0.85
 0.56 0.76
 1.20 0.93
 0.28 1.11
 0.78 1.03
 0.25 0.48
 1.02 0.89
 1.78 2.23
 2.05 4.04
