 0.87 0.85
 3.18 3.15
 0.65 0.67
 1.09 1.03
 1.28 1.25
 1.00 1.02
 0.38 0.45
 0.72 0.70
 1.01 0.96
 0.29 0.38
 1.58 1.54
 0.56 0.55
 1.07 1.00
 1.92 1.95
 0.73 0.68
 0.43 0.43
 0.86 0.86
 0.79 0.78
 1.00 0.98
 2.40 2.41
 1.52 1.55
 2.31 2.33
 0.30 0.30
 0.09 0.15
 5.58 5.68
 1.04 0.99
 1.57 1.57
 0.70 0.70
 0.33 0.32
 1.97 1.89
 4.98 4.98
 1.17 1.14
 0.76 0.73
 0.36 0.38
 3.01 2.98
 1.29 1.23
 2.02 2.03
 0.78 0.74
 0.45 0.42
 0.38 0.38
 0.36 0.41
 1.88 1.87
 0.71 0.68
 1.89 1.88
 2.04 2.07
 1.62 1.61
 3.79 3.81
 1.46 1.47
 1.01 1.00
 2.27 2.25
 0.67 0.66
 2.21 2.20
 0.53 0.51
 0.87 0.84
 1.00 1.02
 1.44 1.49
 1.48 1.49
 2.99 3.03
 1.82 1.85
 1.09 1.04
 1.75 1.78
 1.49 1.50
 2.36 2.38
 0.70 0.67
 0.42 0.40
 0.53 0.51
 0.29 0.33
 2.79 2.84
 3.92 3.95
 0.25 0.35
 1.94 1.94
 1.91 1.91
 2.16 2.16
 0.46 0.47
 2.05 2.04
 0.39 0.41
 1.28 1.23
 1.42 1.42
 0.75 0.71
 1.15 1.05
 0.99 0.99
 1.96 1.96
 0.60 0.58
 1.02 1.00
 1.27 1.28
 0.73 0.70
 0.82 0.78
 0.59 0.57
 2.15 2.18
 1.09 1.02
 2.08 2.11
 0.70 0.71
 1.07 1.00
 0.71 0.67
 0.25 0.32
 3.38 3.36
 1.85 1.88
 0.63 0.61
 0.21 0.32
 0.94 0.94
 0.63 0.61
 1.71 1.76
 0.44 0.47
 0.57 0.54
 0.47 0.46
 1.48 1.51
 0.76 0.73
 0.43 0.47
 6.68 6.47
 3.81 3.77
 0.82 0.82
 0.42 0.42
 2.54 2.66
 1.03 1.05
 0.51 0.53
 0.77 0.72
 1.15 1.13
 3.34 3.37
 0.02 0.09
 1.19 1.14
 1.34 1.36
 2.69 2.69
 2.93 2.96
 0.01 0.22
 1.09 1.03
 0.20 0.33
 0.94 0.89
 0.70 0.68
 1.71 1.67
 3.96 3.94
 0.69 0.63
 1.77 1.80
 0.39 0.43
 1.89 1.91
 1.08 0.99
 2.52 2.54
 0.82 0.78
 1.25 1.23
 3.41 3.43
 1.61 1.62
 2.33 2.36
 0.90 0.81
 2.29 2.32
 0.90 0.87
 2.75 2.75
 0.39 0.40
 0.92 0.86
 0.52 0.54
 1.57 1.56
 0.13 0.16
 0.10 0.21
 1.36 1.34
 0.97 0.94
 1.01 1.00
 0.69 0.64
 1.10 1.02
 2.60 2.62
 1.06 1.02
 0.66 0.65
 0.92 0.88
 0.94 0.91
 1.02 0.94
 0.82 0.79
 0.43 0.51
 3.61 3.60
 0.51 0.50
 0.75 0.74
 1.22 1.22
 0.75 0.73
 0.56 0.55
 2.59 2.62
 4.99 4.98
 2.15 2.18
 1.20 1.17
 1.92 1.93
 0.54 0.53
 1.25 1.22
 0.17 0.32
 2.85 2.89
 0.13 0.14
 1.08 1.12
 0.80 0.79
 1.15 1.12
 1.16 1.15
 0.73 0.72
 2.22 2.25
 1.52 1.51
 1.20 1.12
 0.59 0.58
 0.19 0.21
 0.56 0.56
 0.46 0.47
 0.31 0.33
 0.46 0.46
 0.43 0.41
 0.08 0.16
 0.22 0.38
 1.56 1.54
 3.56 3.50
 1.73 1.75
 1.24 1.14
 2.71 2.70
 0.38 0.39
 0.49 0.50
 0.98 0.94
 2.95 3.00
 0.68 0.66
 2.48 2.52
 0.29 0.36
 1.35 1.38
 2.16 2.17
 0.58 0.56
 4.29 4.26
 1.85 1.89
 0.83 0.80
 0.28 0.37
 1.78 1.74
 0.25 0.34
 3.70 3.68
 3.16 3.18
 1.28 1.24
 0.51 0.51
 0.18 0.20
 0.19 0.35
 0.64 0.62
 1.00 0.98
 5.22 5.23
 1.55 1.54
 0.83 0.82
 0.97 0.92
 4.12 4.10
 0.26 0.29
 0.60 0.59
 0.29 0.38
 2.84 2.86
 0.98 0.90
 2.16 2.17
 2.02 2.03
 0.23 0.34
 1.08 1.06
 0.03 0.12
 0.61 0.62
 0.19 0.33
 0.93 0.89
 0.51 0.51
 1.02 0.96
 1.43 1.39
 3.27 3.23
 0.49 0.47
 0.35 0.33
 0.90 0.86
 2.76 2.78
 1.72 1.76
 0.37 0.37
 0.75 0.72
 0.68 0.67
 0.44 0.44
 0.33 0.35
 0.46 0.47
 1.30 1.24
 1.20 1.14
 0.97 0.93
 0.20 0.24
 0.18 0.30
 1.13 1.13
 0.91 0.88
 3.94 3.93
 6.52 6.63
 1.35 1.31
 0.25 0.25
 0.26 0.26
 0.41 0.49
 4.13 4.10
 0.13 0.15
 0.21 0.33
 2.34 2.31
 2.03 2.05
 4.88 4.81
 3.46 3.47
 0.28 0.31
 0.15 0.18
 0.31 0.34
 0.52 0.65
 1.60 1.54
 3.16 3.17
 1.10 1.08
 0.30 0.28
 2.27 2.30
 1.27 1.28
 1.07 1.03
 0.02 0.10
 3.10 3.10
 1.58 1.57
 0.31 0.29
 2.06 2.08
 1.77 1.78
 2.95 2.89
 0.44 0.45
 2.51 2.55
 0.82 0.80
 0.88 0.88
 3.28 3.21
 0.74 0.71
 0.38 0.39
 0.58 0.60
 0.91 0.89
 2.06 2.07
 1.05 1.04
 0.91 0.87
 1.30 1.19
 0.83 0.79
 3.32 3.32
 0.24 0.30
 0.59 0.58
 0.27 0.30
 1.68 1.71
 3.39 3.35
 0.67 0.64
 0.66 0.63
 2.24 2.26
 2.19 2.20
 2.72 2.74
 2.16 2.18
 0.61 0.61
 0.59 0.63
 0.35 0.34
 0.70 0.68
 2.59 2.63
 0.37 0.34
 1.41 1.40
 2.09 2.11
 0.76 0.73
 0.65 0.66
 1.10 1.08
 2.44 2.44
 2.89 2.91
 1.76 1.79
 1.81 1.78
 1.34 1.34
 2.75 2.80
 1.85 1.84
 0.70 0.68
 1.54 1.52
 4.85 4.48
 0.82 0.81
 1.02 1.04
 0.46 0.44
 1.11 1.09
 1.12 1.11
 1.34 1.29
 0.26 0.28
 0.71 0.69
 4.42 4.41
 1.00 0.94
 1.56 1.55
 0.77 0.74
 0.12 0.12
 0.49 0.47
 0.24 0.27
 0.68 0.65
 0.39 0.37
 0.93 0.88
 1.33 1.32
 2.58 2.60
 0.91 0.85
 1.44 1.36
 0.77 0.74
 0.80 0.78
 0.90 0.85
 0.79 0.77
 1.02 0.98
 0.51 0.51
 1.10 1.06
 1.48 1.49
 0.36 0.40
 1.29 1.32
 1.87 1.87
 1.05 1.07
 4.29 4.17
 0.96 0.94
 1.68 1.67
 0.73 0.77
 0.53 0.52
 0.64 0.62
 0.52 0.53
 0.26 0.34
 0.47 0.49
 0.37 0.36
 0.09 0.08
 0.45 0.43
 3.25 3.24
 2.19 2.19
 0.72 0.70
 3.98 3.99
 1.63 1.65
 0.48 0.46
 0.22 0.31
 0.76 0.76
 2.46 2.46
 0.59 0.56
 1.15 1.12
 3.15 3.17
 0.08 0.12
 0.39 0.38
 4.46 4.50
 2.17 2.20
 0.77 0.74
 1.03 0.99
 0.12 0.16
 3.28 3.29
 1.09 1.02
 1.08 1.04
 1.29 1.25
 6.78 6.74
 5.00 4.98
 0.10 0.11
 0.60 0.58
 1.16 1.01
 0.67 0.66
 1.45 1.47
 0.40 0.40
 0.65 0.63
 0.80 0.77
 3.83 3.77
 0.80 0.79
 2.88 2.92
 0.38 0.37
 2.60 2.61
 0.21 0.29
 2.97 3.01
 0.83 0.82
 3.26 3.22
 0.62 0.61
 1.81 1.81
 0.77 0.74
 3.50 3.50
 0.37 0.39
 0.69 0.67
 2.22 2.28
 0.95 0.96
 1.25 1.28
 0.56 0.51
 0.91 0.89
 1.13 1.13
 1.09 1.10
 1.15 1.14
 0.37 0.38
 0.96 0.98
 0.69 0.66
 0.43 0.42
 2.22 2.26
 1.28 1.23
 1.06 1.07
 1.68 1.65
 1.97 1.98
 3.15 3.17
 0.52 0.50
 1.26 1.24
 1.24 1.24
 1.16 1.13
 0.88 0.88
 2.56 2.68
 1.59 1.60
 1.79 1.80
 0.42 0.45
 0.92 0.92
 0.79 0.75
 0.50 0.51
 3.84 3.79
 1.45 1.39
 1.41 1.39
 0.21 0.23
 2.12 2.12
 1.51 1.49
 0.72 0.72
 0.21 0.22
 2.20 2.21
 0.81 0.79
 1.70 1.64
 1.18 1.18
 2.47 2.50
 3.01 3.04
 0.91 0.88
 0.93 0.91
 2.76 2.79
 0.17 0.27
 0.89 0.84
 1.36 1.37
 1.43 1.37
 0.56 0.55
 3.03 3.09
 1.61 1.62
 0.55 0.52
 2.28 2.31
 0.41 0.42
 0.39 0.39
 0.23 0.38
 0.69 0.67
 2.56 2.58
 4.84 4.82
 3.17 3.20
 0.57 0.57
 2.30 2.33
 2.18 2.20
 0.33 0.46
 0.60 0.58
 3.12 3.15
 0.16 0.16
 0.80 0.76
 0.69 0.65
 0.24 0.26
 1.42 1.44
 1.46 1.44
 0.26 0.34
 1.10 1.05
 1.29 1.28
 0.30 0.30
 1.41 1.40
 2.18 2.18
 2.76 2.80
 0.72 0.69
 5.48 5.49
 1.47 1.40
 0.96 0.94
 1.33 1.31
 3.12 3.04
 1.24 1.21
 0.85 0.81
 1.14 1.13
 2.69 2.66
 0.60 0.58
 0.88 0.84
 0.27 0.28
 3.77 3.71
 0.94 0.93
 1.24 1.17
 2.11 2.05
 1.18 1.13
 3.31 3.30
 0.50 0.55
 1.16 1.15
 2.10 2.08
 1.41 1.46
 0.79 0.76
 0.18 0.19
 0.56 0.54
 3.18 3.21
 1.11 1.09
 1.60 1.61
 1.03 1.00
 1.51 1.54
 1.69 1.73
 0.47 0.48
 0.31 0.40
 1.62 1.67
 0.08 0.10
 0.67 0.66
 0.46 0.50
 2.65 2.69
 2.26 2.25
 1.24 1.19
 4.42 4.38
 1.48 1.51
 0.49 0.59
 2.98 2.92
 0.63 0.60
 0.50 0.52
 0.77 0.72
 2.19 2.21
 2.07 2.06
 3.31 3.29
 0.23 0.24
 0.67 0.66
 2.38 2.40
 1.57 1.50
 0.29 0.37
 0.93 0.91
 1.98 2.01
 3.35 3.39
 1.04 1.05
 0.47 0.46
 3.34 3.37
 2.51 2.53
 0.48 0.48
 0.52 0.56
 0.47 0.53
 0.91 0.89
 0.16 0.19
 0.19 0.24
 4.85 4.86
 4.99 4.95
 3.94 3.95
 0.75 0.77
 2.67 2.71
 0.37 0.36
 2.46 2.49
 2.84 2.88
 2.81 2.82
 3.31 3.32
 0.42 0.41
 1.34 1.34
 2.30 2.30
 4.03 4.02
 0.77 0.73
 0.73 0.68
 3.12 3.15
 0.69 0.67
 1.56 1.54
 1.50 1.42
 1.24 1.26
 2.29 2.30
 0.06 0.09
 1.24 1.25
 1.98 1.92
 0.36 0.37
 0.94 0.92
 0.39 0.48
 2.15 2.23
 0.72 0.71
 1.60 1.60
 0.52 0.53
 2.37 2.39
 1.05 1.02
 1.61 1.60
 3.61 3.56
 1.56 1.50
 0.68 0.67
 0.83 0.81
 3.57 3.56
 0.30 0.34
 1.20 1.12
 4.20 4.20
 5.24 5.31
 0.34 0.32
 0.46 0.45
 4.07 4.00
 1.00 1.01
 3.17 3.20
 3.82 3.83
 1.17 1.19
 0.68 0.66
 3.86 3.83
 0.46 0.45
 0.42 0.47
 1.28 1.28
 1.26 1.26
 2.51 2.53
 0.01 0.02
 0.60 0.60
 0.19 0.31
 1.33 1.30
 2.34 2.34
 1.49 1.53
 2.20 2.18
 4.98 4.91
 2.15 2.12
 0.94 0.89
 0.89 0.82
 1.69 1.63
 0.40 0.40
 0.45 0.42
 3.32 3.32
 0.58 0.57
 0.84 0.79
 1.17 1.17
 0.58 0.55
 0.54 0.52
 0.92 0.87
 0.70 0.65
 1.81 1.84
 3.80 3.77
 1.71 1.74
 4.46 4.45
 1.27 1.28
 1.28 1.29
 2.48 2.52
 0.71 0.67
 0.13 0.23
 0.23 0.24
 1.16 1.08
 0.82 0.66
 1.27 1.28
 0.96 0.95
 0.88 0.86
 0.92 0.90
 1.23 1.19
 0.37 0.35
 2.26 2.22
 0.49 0.48
 0.88 0.86
 1.59 1.60
 2.75 2.89
 0.96 0.93
 1.27 1.28
 1.09 1.13
 0.53 0.52
 0.37 0.37
 0.88 0.86
 0.90 0.92
 0.49 0.50
 2.20 2.20
 0.65 0.63
 0.50 0.47
 1.32 1.29
 3.02 3.08
 0.94 0.91
 1.30 1.28
 2.02 2.05
 1.93 1.95
 0.91 0.85
 0.45 0.43
 0.28 0.36
 4.81 4.79
 2.27 2.28
 1.10 1.07
 1.33 1.31
 0.95 0.88
 1.76 1.79
 0.58 0.58
 0.92 0.92
 0.79 0.76
 1.78 1.81
 1.10 1.07
 1.60 1.61
 2.70 2.69
 0.27 0.27
 1.57 1.59
 0.55 0.55
 0.43 0.37
 1.23 1.23
 3.81 3.83
 0.27 0.34
 1.44 1.40
 0.21 0.35
 1.68 1.72
 0.48 0.44
 1.57 1.60
 2.12 2.16
 0.62 0.60
 2.45 2.47
 1.10 1.06
 2.95 3.00
 3.63 3.63
 1.54 1.52
 0.27 0.34
 2.36 2.35
 2.10 2.14
 0.95 0.92
 1.13 1.13
 1.65 1.59
 2.68 2.70
 0.92 0.89
 1.46 1.44
 2.06 2.09
 3.33 3.35
 1.54 1.52
 3.09 3.04
 1.86 1.89
 1.83 1.88
 0.62 0.59
 1.99 2.03
 1.74 1.77
 0.33 0.37
 0.62 0.61
 0.42 0.44
 2.80 2.82
 1.77 1.74
 0.25 0.26
 1.68 1.70
 1.65 1.66
 5.12 5.13
 2.60 2.60
 1.46 1.39
 4.46 4.44
 0.77 0.77
 1.05 0.99
 0.18 0.21
 1.94 1.95
 1.09 1.11
 0.37 0.45
 0.87 0.84
 0.75 0.73
 1.86 1.86
 0.35 0.35
 1.02 0.95
 4.94 4.90
 2.22 2.22
 1.06 1.03
 0.70 0.77
 1.00 0.97
 0.42 0.39
 0.20 0.30
 0.07 0.11
 1.11 1.12
 2.35 2.33
 1.36 1.36
 3.01 3.04
 0.92 0.86
 3.86 3.81
 1.26 1.18
 1.10 1.11
 0.86 0.83
 0.43 0.47
 2.26 2.34
 1.72 1.74
 3.52 3.49
 1.96 1.93
 0.94 0.82
 0.68 0.67
 0.44 0.43
 0.48 0.47
 3.03 3.06
 3.59 3.55
 1.08 1.02
 2.33 2.37
 0.79 0.80
 0.02 0.16
 1.89 1.87
 0.58 0.54
 0.18 0.19
 2.13 2.16
 0.94 0.88
 0.29 0.35
 1.01 0.99
 0.81 0.77
 1.86 1.87
 1.01 1.03
 0.67 0.63
 0.70 0.66
 0.70 0.68
 1.29 1.26
 2.05 2.08
 2.66 2.77
 0.04 0.14
 2.07 2.12
 1.46 1.47
 0.91 0.87
 0.73 0.69
 1.62 1.57
 2.33 2.36
 0.75 0.69
 0.94 0.92
 0.32 0.32
 0.73 0.71
 0.48 0.46
 5.49 5.52
 0.49 0.32
 1.86 1.89
 0.77 0.77
 0.20 0.21
 2.73 2.74
 1.64 1.67
 2.62 2.56
 3.73 3.72
 0.92 0.91
 0.27 0.37
 2.76 2.78
 0.98 0.89
 1.53 1.53
 0.90 0.88
 2.85 2.84
 0.23 0.24
 1.43 1.42
 0.99 0.97
 2.20 2.27
 1.41 1.45
 1.07 1.05
 0.32 0.34
 0.50 0.47
 0.56 0.55
 0.50 0.49
 2.54 2.53
 1.48 1.42
 0.55 0.53
 0.90 0.88
 0.82 0.81
 0.27 0.35
 0.62 0.60
 1.20 1.17
 0.72 0.72
 1.17 1.17
 0.88 0.87
 3.89 3.90
 2.51 2.58
 0.11 0.12
 0.07 0.12
 0.68 0.66
 2.47 2.52
 0.28 0.28
 1.17 1.02
 1.98 1.97
 1.95 1.95
 3.05 3.08
 3.86 3.75
 0.55 0.53
 5.42 5.40
 1.38 1.28
 2.41 2.44
 0.75 0.73
 0.24 0.28
 0.29 0.28
 3.02 2.94
 2.40 2.41
 2.64 2.69
 3.06 3.05
 0.78 0.71
 0.70 0.68
 2.64 2.59
 1.74 1.76
 1.93 1.94
 1.09 1.14
 1.76 1.79
 1.43 1.44
 2.18 2.23
 2.81 2.84
 0.57 0.62
 0.10 0.17
 0.87 0.84
 0.51 0.51
 0.89 0.87
 1.27 1.30
 4.65 4.62
 1.65 1.64
 1.29 1.26
 2.70 2.76
 1.71 1.72
 1.22 1.17
 2.02 1.97
 3.44 3.42
 0.77 0.73
 4.82 4.78
 0.76 0.73
 2.28 2.25
 1.04 0.95
 0.53 0.51
 3.57 3.51
 2.24 2.25
 0.15 0.24
 0.33 0.36
 0.85 0.84
 1.91 1.93
 0.87 0.84
 0.75 0.71
 0.46 0.44
 0.28 0.32
 1.08 0.98
 2.08 2.11
 2.60 2.61
 0.41 0.40
 1.99 1.98
 0.28 0.38
 0.48 0.45
 1.16 1.10
 1.20 1.22
 2.75 2.76
 0.81 0.80
 0.36 0.40
 1.22 1.18
 0.64 0.67
 0.70 0.67
 2.87 2.88
 1.59 1.54
 1.57 1.52
 3.69 3.70
 1.57 1.58
 2.32 2.32
 0.32 0.37
 0.24 0.28
 1.38 1.43
 1.53 1.56
 2.40 2.43
 0.81 0.80
 1.28 1.28
 0.95 0.91
 3.17 3.09
 0.30 0.37
 1.18 1.17
 0.12 0.14
 0.45 0.47
 1.52 1.52
 3.35 3.35
 2.72 2.74
 0.97 0.93
 2.61 2.64
 0.95 0.92
 0.24 0.27
 1.81 1.81
 1.35 1.32
 0.21 0.21
 1.60 1.50
 0.78 0.75
 1.61 1.53
 0.92 0.85
 1.07 0.97
 2.74 2.79
 2.83 2.84
 1.36 1.33
 1.53 1.56
 0.19 0.18
 0.47 0.46
 0.12 0.14
 1.11 1.05
 0.64 0.60
 2.36 2.36
 2.76 2.78
 0.97 1.01
 0.43 0.41
 1.12 1.13
 0.63 0.62
 5.29 5.27
 0.37 0.36
 0.23 0.26
 2.92 2.94
 4.94 5.00
 0.30 0.32
 0.90 0.88
 0.16 0.15
 0.25 0.24
 2.13 2.15
 0.42 0.41
 0.63 0.61
 0.35 0.36
 1.43 1.42
 1.73 1.73
 1.68 1.66
 1.02 1.01
 0.50 0.48
 0.95 0.94
 0.97 0.94
 1.52 1.52
 0.95 0.90
 1.65 1.67
 2.11 2.14
 1.62 1.64
 1.33 1.34
 1.14 1.11
 0.88 0.82
 1.42 1.42
 1.52 1.53
 1.03 1.05
 2.43 2.51
 0.30 0.33
 0.67 0.65
 2.62 2.65
 1.71 1.72
 3.23 3.23
 1.40 1.42
 2.52 2.49
 0.55 0.52
 0.39 0.43
 1.84 1.80
 1.30 1.31
 0.84 0.80
 0.37 0.37
 3.54 3.51
 1.18 1.15
 0.66 0.64
 0.33 0.32
 3.78 3.80
 1.19 1.19
 2.44 2.45
 0.75 0.68
 0.69 0.62
 0.77 0.75
 0.53 0.55
 3.87 3.87
 2.14 2.15
 3.61 3.62
 1.63 1.62
 0.26 0.30
 0.60 0.55
 0.65 0.60
 0.90 0.89
 0.42 0.50
 1.08 1.07
 1.15 1.09
 0.50 0.51
 2.25 2.27
 0.69 0.67
 0.55 0.58
 1.25 1.23
 0.67 0.66
 1.00 1.00
 4.87 4.86
 1.15 1.13
 2.98 3.02
 1.29 1.31
 1.40 1.41
 1.11 1.09
 1.16 1.14
 1.06 1.05
 1.96 1.99
 1.12 1.11
 0.24 0.29
 6.32 6.34
 0.08 0.21
 0.44 0.45
 1.64 1.64
 4.51 4.43
 0.92 0.91
 0.24 0.25
 1.02 1.03
 1.37 1.41
 0.49 0.48
 1.13 1.17
 1.42 1.43
 0.73 0.71
 0.46 0.45
 1.15 1.11
 0.17 0.27
 1.86 1.84
 0.76 0.74
 0.16 0.21
 1.90 1.92
 0.91 0.87
 0.85 0.83
 0.18 0.22
 1.10 1.03
 2.80 2.84
 5.92 5.94
 0.55 0.53
 0.83 0.81
 0.66 0.63
 1.04 1.03
 2.59 2.61
 2.27 2.26
 0.97 1.00
 1.45 1.44
 1.21 1.15
 3.50 3.53
 1.14 1.12
 0.67 0.63
 0.37 0.36
 1.50 1.53
 1.96 1.95
 2.43 2.39
 1.89 1.92
 2.05 2.02
 0.80 0.77
 2.24 2.24
 1.64 1.61
 1.68 1.69
 1.52 1.54
 1.80 1.75
 1.40 1.40
 3.30 3.33
 1.58 1.59
 0.53 0.50
 0.71 0.69
 1.25 1.19
 1.02 1.01
 0.97 0.96
 1.36 1.32
 0.99 0.96
 0.57 0.56
 0.40 0.45
 3.78 3.81
 0.87 0.85
 6.83 6.87
 1.01 1.00
 1.94 1.93
 0.89 0.87
 0.88 0.84
 3.50 3.50
 0.35 0.36
 0.82 0.78
 2.61 2.60
 0.47 0.48
 1.39 1.42
 4.07 4.08
 3.61 3.49
 0.23 0.24
 0.52 0.51
 0.82 0.80
 0.53 0.50
 0.78 0.74
 3.05 2.86
 1.86 1.87
 1.95 1.97
 0.40 0.40
 2.32 2.34
 0.86 0.82
 0.53 0.52
 0.92 0.87
 1.02 1.02
 0.68 0.65
 0.99 0.93
 1.45 1.43
 0.79 0.78
 2.48 2.51
 0.58 0.57
 2.43 2.46
 0.29 0.28
 0.14 0.27
 0.72 0.70
 1.30 1.32
 0.49 0.47
 0.94 0.94
 0.42 0.42
 2.05 2.08
 0.64 0.62
 0.72 0.70
 0.18 0.31
 0.72 0.69
 0.44 0.42
 0.24 0.36
 1.50 1.50
 0.88 0.85
 1.28 1.30
 0.38 0.40
 0.48 0.49
 0.75 0.71
 0.41 0.47
 0.97 0.93
 1.25 1.22
 1.32 1.19
 1.45 1.39
 1.54 1.50
 0.47 0.45
 3.41 3.30
 1.05 1.00
 3.19 3.20
 2.66 2.69
 1.58 1.54
 3.37 3.39
 0.84 0.81
 3.80 3.72
 0.98 0.95
 0.71 0.69
 0.78 0.75
 2.14 2.17
 0.55 0.53
 0.80 0.77
 0.92 0.91
 3.01 3.05
 3.02 3.08
 3.28 3.24
 2.12 2.07
 5.39 5.35
 0.77 0.74
 0.55 0.55
 0.93 0.87
 0.51 0.52
 2.37 2.41
 0.61 0.60
 0.46 0.48
 2.75 2.78
 2.46 2.44
 0.79 0.77
 1.20 1.16
 0.45 0.44
 0.71 0.71
 2.37 2.39
 0.35 0.36
 0.59 0.57
 0.25 0.29
 0.39 0.43
 0.12 0.14
 0.71 0.71
 1.69 1.71
 4.08 4.08
 0.49 0.49
 0.76 0.73
 2.69 2.69
 3.52 3.55
 2.40 2.38
 3.15 3.21
 0.69 0.66
 3.82 3.83
 3.53 3.52
 0.80 0.76
 2.69 2.72
 2.00 2.01
 6.07 6.09
 4.11 4.13
 1.61 1.63
 1.00 0.95
 0.93 0.91
 1.48 1.45
 0.47 0.48
 0.82 0.81
 0.19 0.33
 2.51 2.53
 2.52 2.56
 2.81 2.82
 1.72 1.78
 1.23 1.23
 1.12 1.14
 2.89 2.90
 0.29 0.31
 0.08 0.17
 0.64 0.62
 0.91 0.89
 0.33 0.35
 2.34 2.36
 1.76 1.80
 0.58 0.55
 0.24 0.26
 0.83 0.81
 0.68 0.68
