 0.36 2.05
 1.57 2.79
 0.44 1.56
 1.13 0.54
 0.51 0.54
 0.58 1.72
 1.18 1.85
 0.62 0.64
 5.76 3.65
 2.48 2.47
 2.10 2.35
 0.70 0.15
 0.80 1.64
 0.83 0.56
 0.20 0.64
 0.69 0.73
 0.86 0.68
 2.79 1.49
 0.59 0.60
 2.53 1.75
 3.80 2.67
 2.31 1.35
 0.30 0.22
 1.70 1.93
 0.89 0.86
 1.56 1.30
 0.49 0.77
 0.62 0.60
 0.82 0.78
 2.68 2.11
 1.80 0.99
 2.82 2.38
 0.19 0.22
 0.39 0.89
 1.56 1.53
 3.67 2.77
 0.74 0.80
 1.98 1.81
 1.24 0.82
 2.33 2.54
 1.82 1.53
 3.17 3.36
 6.36 3.38
 1.89 1.64
 1.96 1.28
 4.20 3.23
 0.13 0.28
 0.33 0.72
 2.50 1.72
 0.76 1.15
 0.39 0.82
 0.87 1.49
 0.73 0.58
 1.62 1.16
 2.16 1.90
 2.01 2.13
 1.48 0.95
 1.37 2.74
 0.14 0.37
 1.62 1.47
 0.20 0.33
 0.55 0.81
 0.68 1.34
 3.22 1.94
 0.42 1.96
 0.60 1.61
 1.65 1.65
 1.04 1.53
 1.27 2.10
 1.31 1.49
 0.42 0.89
 0.76 0.81
 1.11 1.09
 1.38 1.77
 0.15 0.25
 1.20 1.82
 3.39 2.55
 0.64 0.98
 2.27 1.46
 0.43 0.51
 0.39 0.67
 0.43 0.89
 0.54 0.60
 0.48 0.90
 1.13 0.96
 0.20 1.41
 2.34 3.80
 0.59 1.30
 0.90 1.03
 0.79 1.04
 3.32 2.97
 0.95 0.47
 0.46 1.60
 0.71 0.37
 2.28 1.57
 3.14 1.94
 0.31 0.12
 0.94 3.30
 6.52 3.46
 0.48 1.37
 0.90 0.82
 0.69 0.67
 0.21 1.08
 2.51 1.22
 0.11 1.97
 3.74 2.93
 1.39 1.24
 0.54 1.04
 0.77 0.73
 1.70 1.41
 0.53 0.50
 3.06 2.51
 1.50 0.92
 2.70 3.44
 1.13 0.94
 0.72 1.07
 0.63 1.29
 1.68 2.92
 1.47 1.21
 2.74 2.49
 0.28 0.15
 0.17 0.22
 0.44 0.56
 0.42 2.86
 1.09 2.16
 1.01 0.76
 0.11 0.93
 1.54 1.86
 1.63 1.15
 1.13 0.78
 1.69 0.76
 0.96 0.93
 0.20 0.44
 2.02 1.30
 2.67 1.98
 0.20 1.06
 0.08 1.95
 2.50 1.85
 0.05 0.66
 0.73 1.79
 0.83 1.08
 0.77 1.25
 2.29 1.83
 1.35 1.43
 3.48 1.94
 0.77 0.60
 0.43 0.21
 0.51 0.26
 0.80 0.17
 0.64 2.27
 0.37 0.07
 0.74 1.11
 0.41 0.97
 1.43 3.33
 1.42 0.93
 3.62 4.18
 1.03 1.34
 0.91 0.90
 0.46 0.59
 3.34 2.11
 2.52 2.41
 0.94 1.65
 0.45 0.39
 0.58 0.94
 0.90 1.57
 0.53 0.61
 0.47 0.29
 0.95 0.84
 0.76 0.92
 0.37 0.99
 1.45 0.95
 2.39 2.42
 2.71 2.57
 1.66 1.01
 2.77 2.41
 0.16 0.24
 4.38 2.68
 1.53 1.30
 1.83 2.46
 2.48 2.38
 5.57 4.67
 2.45 2.10
 0.45 1.73
 1.80 1.72
 1.65 1.22
 0.54 1.05
 0.97 1.31
 0.93 1.26
 0.08 2.02
 0.60 1.23
 2.94 3.98
 0.79 0.91
 0.11 0.69
 1.21 1.65
 0.65 1.16
 0.82 0.38
 0.63 2.30
 1.45 1.36
 0.96 1.26
 2.79 2.25
 0.44 1.31
 1.17 0.63
 1.40 2.04
 1.42 1.24
 1.61 1.04
 0.26 0.87
 0.43 0.61
 0.90 1.21
 1.82 1.56
 0.28 -0.16
 0.35 1.40
 0.91 1.19
 4.55 3.68
 0.87 0.94
 0.30 1.11
 0.28 1.31
 0.65 0.59
 1.76 1.04
 1.59 1.37
 0.54 2.82
 3.10 2.36
 0.39 0.67
 0.37 1.15
 0.57 2.52
 0.09 -0.09
 0.25 1.49
 1.28 1.12
 0.86 0.83
 1.49 -0.79
 0.45 0.41
 3.07 2.99
 0.40 0.60
 0.48 0.84
 0.87 1.09
 0.26 1.54
 0.25 1.60
 0.76 0.91
 0.85 1.29
 0.80 1.48
 1.87 1.43
 0.38 0.20
 0.25 0.99
 1.18 0.71
 3.82 2.82
 0.69 1.21
 1.70 1.68
 2.43 1.35
 3.81 2.68
 0.56 0.80
 2.11 1.60
 1.65 1.44
 0.45 0.83
 0.32 0.62
 1.31 1.22
 5.92 3.62
 0.46 0.46
 0.53 -0.30
 0.83 0.42
 0.83 0.46
 0.32 0.41
 0.25 0.66
 0.45 1.45
 0.95 1.13
 1.14 1.40
 0.74 0.47
 0.40 0.62
 1.56 0.88
 0.29 0.46
 0.94 1.64
 0.30 0.54
 0.11 0.34
 0.29 0.58
 0.37 1.03
 2.34 1.70
 2.58 1.88
 0.30 0.77
 1.81 1.13
 3.78 2.74
 0.73 0.59
 1.24 1.62
 0.81 0.89
 1.31 1.11
 0.65 1.42
 3.73 4.22
 3.91 3.14
 0.78 1.33
 1.16 1.40
 0.46 1.00
 0.26 2.10
 4.81 2.90
 3.34 3.22
 0.32 0.41
 0.25 0.84
 0.19 1.71
 0.61 0.35
 1.33 0.98
 0.77 1.72
 0.54 0.69
 0.70 1.50
 0.09 0.40
 1.46 1.41
 1.64 1.64
 0.74 0.95
 0.17 0.27
 0.62 0.74
 2.42 2.66
 1.76 1.90
 3.11 2.53
 1.52 1.00
 0.10 0.30
 0.68 1.31
 1.61 1.00
 0.71 0.80
 2.42 2.92
 0.11 0.27
 0.25 0.39
 3.31 3.28
 1.14 0.55
 2.61 2.37
 2.24 1.59
 0.31 0.98
 1.10 1.53
 1.06 0.62
 3.04 3.74
 0.34 0.33
 1.20 2.06
 0.23 0.32
 0.80 1.54
 0.51 1.36
 0.36 0.78
 6.04 4.68
 2.05 1.64
 0.30 0.86
 0.64 1.79
 1.11 0.67
 0.82 0.70
 1.71 1.41
 0.92 0.46
 1.88 1.58
 0.83 1.03
 0.66 0.99
 1.86 2.42
 1.36 1.29
 1.52 1.05
 1.01 1.60
 3.44 4.34
 0.47 1.08
 2.09 1.63
 1.30 1.72
 0.88 0.57
 0.78 1.03
 2.89 2.09
 1.00 1.23
 4.78 3.16
 3.38 1.89
 0.98 1.66
 3.05 2.55
 0.83 -0.03
 0.46 0.27
 0.12 0.48
 0.92 1.89
 0.93 2.17
 0.95 0.64
 0.75 1.77
 0.48 0.85
 0.49 0.64
 2.06 0.96
 2.95 1.71
 1.06 2.18
 1.00 2.15
 1.11 0.65
 1.78 1.07
 0.96 1.49
 0.32 1.09
 0.31 1.32
 0.54 1.18
 0.72 1.30
 0.67 1.40
 0.87 1.78
 0.51 0.92
 0.54 1.10
 2.00 0.88
 1.01 0.46
 0.63 1.13
 2.75 1.95
 0.57 0.48
 1.80 1.94
 1.13 0.85
 0.52 0.48
 0.51 0.95
 0.49 0.83
 0.68 1.21
 0.79 0.76
 1.57 1.67
 0.45 0.44
 0.40 1.88
 0.73 0.45
 1.15 1.23
 1.85 1.14
 0.59 0.65
 2.65 3.38
 0.54 0.56
 0.68 0.96
 2.28 1.58
 2.37 1.35
 1.68 1.99
 0.30 2.07
 2.81 2.57
 1.00 0.49
 0.73 3.67
 0.53 0.76
 5.03 3.70
 0.64 1.03
 0.49 0.32
 0.36 0.44
 0.43 0.62
 1.35 0.84
 0.50 1.44
 2.44 1.80
 0.87 0.47
 2.17 1.70
 1.76 1.22
 0.68 1.56
 0.72 0.39
 5.52 3.56
 0.71 0.93
 0.88 0.66
 0.46 1.31
 1.50 2.42
 0.31 1.73
 1.59 1.44
 0.31 0.79
 0.29 1.82
 0.47 0.80
 4.12 2.87
 0.20 0.38
 0.76 0.54
 0.84 0.61
 0.87 0.51
 1.52 1.70
 0.18 0.40
 1.29 1.06
 0.75 0.67
 0.82 0.63
 1.53 0.99
 0.15 1.26
 2.04 2.01
 0.96 0.99
 0.69 0.74
 2.80 3.16
 0.13 0.28
 2.68 2.28
 1.14 0.95
 1.27 1.26
 2.19 1.92
 0.58 0.93
 1.57 1.25
 0.22 1.03
 0.45 0.70
 0.87 1.00
 1.43 1.24
 1.12 1.60
 0.10 0.04
 0.77 0.61
 0.81 0.93
 2.87 2.75
 0.93 1.04
 3.10 2.06
 1.10 0.84
 3.79 2.41
 1.43 0.97
 1.48 0.88
 1.03 0.80
 1.86 1.59
 0.58 1.37
 2.68 2.68
 2.69 1.63
 1.94 1.73
 1.08 1.01
 0.16 0.59
 0.68 1.50
 1.50 0.79
 2.78 1.55
 0.82 2.67
 1.63 1.00
 4.57 3.45
 2.02 1.14
 0.54 0.66
 0.87 1.35
 2.10 2.32
 0.32 1.27
 0.44 0.52
 0.80 0.41
 2.30 1.73
 0.15 0.55
 2.17 2.16
 3.00 2.93
 0.36 0.80
 2.18 3.01
 0.33 0.96
 5.74 4.90
 1.08 0.82
 1.32 1.05
 2.19 2.33
 1.75 1.39
 0.64 0.08
 2.53 1.16
 0.50 0.46
 0.66 1.13
 0.61 1.28
 2.01 2.06
 2.92 2.30
 2.41 2.10
 0.89 0.69
 0.51 1.52
 2.82 2.41
 1.50 0.80
 0.72 1.29
 0.37 0.33
 0.36 0.57
 2.39 3.71
 0.49 1.65
 2.62 1.71
 0.87 0.81
 1.40 0.78
 1.38 0.86
 0.46 1.04
 1.24 0.68
 1.14 0.93
 1.60 0.91
 0.18 0.19
 1.11 1.00
 1.56 0.97
 0.58 0.40
 5.53 3.18
 3.74 2.55
 0.94 0.56
 0.92 2.53
 0.77 1.27
 0.16 0.86
 1.58 1.34
 0.15 0.47
 0.71 1.27
 1.14 0.64
 1.46 0.61
 2.05 2.53
 1.54 0.75
 2.44 0.91
 1.98 1.85
 1.18 1.46
 1.78 2.44
 2.51 1.95
 1.01 1.29
 1.09 1.36
 0.22 0.56
 1.63 0.97
 1.18 0.99
 1.82 1.64
 0.73 0.48
 2.84 3.08
 0.46 1.04
 1.15 0.93
 1.26 1.14
 0.42 0.21
 2.96 1.21
 0.92 1.02
 0.42 0.46
 0.46 0.46
 0.19 -1.46
 1.67 1.37
 2.21 1.53
 2.72 1.52
 1.68 1.40
 0.91 0.91
 2.87 1.81
 0.75 0.60
 0.16 0.32
 0.80 1.32
 3.15 2.40
 1.28 2.80
 0.23 0.55
 0.93 0.77
 5.76 3.53
 0.15 0.20
 6.51 3.34
 1.14 1.68
 2.31 1.28
 5.46 3.69
 0.74 1.42
 0.75 0.77
 0.80 1.51
 0.50 0.95
 2.70 2.21
 0.61 1.51
 0.19 0.64
 0.21 2.06
 1.69 1.68
 1.06 0.91
 0.29 1.10
 1.17 1.72
 0.22 0.23
 0.63 0.82
 0.15 0.37
 1.51 0.96
 0.41 0.86
 1.11 1.08
 0.18 1.02
 0.85 1.00
 3.49 2.81
 0.75 1.05
 0.84 1.20
 2.09 1.77
 2.12 2.18
 0.23 1.35
 1.22 2.32
 0.28 0.38
 1.81 1.25
 0.74 1.47
 0.38 0.66
 0.86 2.33
 1.69 1.04
 0.31 1.44
 0.30 0.69
 4.34 3.32
 0.82 0.76
 0.22 0.30
 3.72 3.07
 1.73 0.70
 2.81 3.28
 1.46 0.67
 3.89 3.01
 1.19 0.60
 0.71 1.18
 1.07 3.29
 3.81 2.60
 0.94 0.72
 3.83 2.37
 4.23 2.88
 3.26 2.51
 1.08 1.40
 2.10 1.55
 1.27 0.87
 1.31 1.83
 0.73 1.13
 0.83 0.57
 0.85 0.88
 1.19 1.59
 1.49 1.44
 1.94 1.11
 3.10 2.95
 0.40 0.57
 2.84 2.79
 2.24 2.61
 0.37 1.13
 0.94 1.36
 1.96 2.78
 0.62 1.12
 1.65 1.70
 0.09 0.32
 2.10 1.80
 0.47 0.79
 0.73 0.21
 1.52 0.99
 2.00 1.39
 0.75 1.53
 0.33 0.81
 1.49 0.79
 1.59 0.99
 3.51 2.78
 0.35 1.00
 2.81 1.56
 1.41 1.61
 2.51 2.34
 1.64 1.50
 1.75 0.77
 0.20 0.20
 3.45 1.97
 0.49 1.19
 0.87 0.67
 0.98 1.02
 0.80 1.42
 0.68 1.10
 0.16 1.11
 0.66 1.13
 0.32 0.17
 2.35 1.61
 0.81 0.72
 2.68 1.06
 0.29 0.35
 0.63 1.48
 0.98 0.76
 0.47 0.93
 1.46 0.88
 1.48 3.63
 2.00 1.31
 2.85 2.72
 0.38 0.36
 1.08 1.14
 0.97 1.07
 1.86 1.25
 4.08 3.82
 2.96 2.53
 0.67 0.96
 0.12 0.24
 1.86 1.20
 0.66 0.60
 0.51 1.33
 0.47 0.81
 2.09 1.96
 2.91 2.11
 1.69 1.31
 1.62 0.99
 1.10 1.02
 3.13 1.74
 1.48 1.39
 3.42 1.63
 0.45 1.97
 0.26 1.19
 0.91 0.98
 1.58 1.28
 1.14 2.42
 0.35 1.32
 6.68 3.84
 1.66 1.29
 2.74 1.77
 0.12 1.12
 2.57 2.26
 3.34 1.80
 2.18 1.87
 0.95 0.98
 0.89 0.53
 0.99 0.98
 1.34 1.07
 0.83 0.81
 0.95 1.80
 0.61 0.83
 1.94 1.50
 2.08 1.95
 2.84 2.16
 1.70 0.89
 0.38 0.65
 0.60 0.61
 2.20 1.72
 1.91 2.17
 2.16 1.10
 0.95 0.45
 3.16 1.71
 1.99 1.13
 0.24 1.80
 0.22 0.74
 2.14 1.20
 1.56 3.85
 1.02 0.36
 1.04 0.72
 2.18 1.39
 1.49 1.29
 1.85 1.16
 2.05 1.40
 0.28 2.36
 4.15 3.08
 0.24 0.21
 1.12 0.70
 1.93 1.11
 0.51 1.81
 2.29 1.26
 0.53 0.96
 1.29 2.02
 1.96 3.46
 1.24 0.93
 2.75 2.14
 1.42 1.18
 0.87 0.88
 1.37 0.70
 0.45 0.37
 2.78 1.93
 1.34 1.65
 0.71 1.31
 1.38 0.97
 0.49 0.45
 1.24 0.88
 0.62 1.00
 1.87 1.41
 0.49 0.88
 1.86 1.69
 1.38 1.35
 3.21 1.67
 1.71 1.37
 0.33 1.17
 1.75 1.53
 0.86 0.82
 1.73 1.32
 3.89 2.66
 0.91 0.58
 1.72 1.63
 0.41 2.78
 0.62 0.70
 1.61 1.74
 0.29 0.93
 3.48 3.51
 1.28 0.83
 0.47 0.64
 0.57 0.16
 1.20 0.86
 1.10 1.35
 1.36 1.18
 1.69 1.50
 0.63 0.94
 2.47 1.96
 0.56 1.40
 0.30 0.54
 2.28 1.70
 2.45 1.92
 0.84 1.36
 1.71 0.99
 2.33 1.09
 2.24 1.14
 2.10 1.56
 2.17 1.30
 2.14 1.35
 0.06 0.14
 2.13 1.50
 0.71 0.88
 0.54 0.65
 1.40 1.25
 0.29 0.84
 0.49 0.76
 0.57 0.58
 0.98 1.81
 2.70 2.07
 0.75 1.95
 2.29 1.11
 1.18 1.00
 3.03 3.25
 2.41 1.27
 1.07 1.54
 0.88 0.68
 0.59 0.87
 3.79 2.80
 0.14 0.34
 2.16 1.07
 0.54 0.34
 1.09 1.51
 0.47 0.57
 0.54 1.07
 2.00 1.32
 0.16 1.22
 2.62 3.45
 1.58 1.38
 0.43 0.49
 1.50 0.89
 0.46 1.69
 2.76 1.72
 1.88 2.04
 2.26 1.29
 2.45 1.66
 1.87 2.10
 1.28 0.95
 0.87 0.62
 1.05 1.25
 1.70 1.57
 0.80 0.91
 0.30 0.06
 2.84 2.19
 3.01 1.90
 0.18 1.10
 0.29 0.95
 0.31 0.65
 1.54 2.03
 0.56 0.95
 1.57 1.07
 1.45 1.04
 2.50 2.69
 0.66 0.92
 0.90 0.61
 1.23 0.61
 1.51 1.42
 4.27 3.73
 1.24 0.56
 1.49 1.30
 2.34 2.75
 1.17 1.29
 1.77 2.26
 0.22 0.60
 0.56 0.95
 0.20 0.73
 1.13 1.32
 1.93 1.64
 0.80 0.62
 2.04 1.74
 1.56 2.69
 1.51 1.10
 1.95 1.79
 2.41 1.50
 1.13 2.13
 1.92 2.06
 0.66 1.36
 3.63 3.33
 1.83 2.10
 0.52 0.38
 1.67 0.71
 2.23 1.50
 0.67 2.27
 0.21 0.79
 0.68 1.30
 2.67 1.96
 1.45 0.87
 0.11 0.33
 0.78 0.86
 0.97 0.90
 1.93 1.90
 1.78 1.65
 0.23 0.36
 4.73 3.17
 0.69 0.56
 1.49 1.01
 2.41 2.29
 3.15 2.03
 2.96 2.15
 0.57 0.99
 0.45 0.27
 1.43 1.64
 4.02 3.13
 3.17 2.44
 2.92 2.01
 0.62 1.24
 3.51 2.87
 1.22 1.42
 2.92 2.69
 0.62 0.70
 0.92 1.42
 1.20 0.74
 0.74 0.95
 1.42 0.77
 1.32 0.96
 3.01 2.47
 1.71 1.25
 0.33 0.14
 1.16 0.74
 0.45 0.48
 3.00 2.33
 0.14 0.49
 1.27 2.50
 0.51 0.93
 2.44 1.85
 0.27 0.21
 0.92 0.75
 0.09 0.83
 1.77 2.87
 0.29 0.28
 1.56 2.67
 0.99 0.72
 1.49 0.89
 0.97 1.01
 1.54 1.22
 0.77 0.66
 0.42 0.81
 1.48 0.82
 0.26 0.96
 1.49 0.69
 1.89 1.49
 2.32 3.41
 1.76 0.98
 3.02 2.29
 0.50 0.87
 0.15 0.44
 3.41 2.57
 1.71 2.13
 2.00 2.49
 1.07 3.10
 5.07 3.40
 3.02 1.93
 0.86 0.46
 1.18 0.75
 1.11 0.70
 2.45 1.65
 1.42 0.85
 1.25 2.90
 0.82 0.87
 2.57 2.29
 1.25 1.18
 1.08 1.94
 2.72 2.21
 0.69 0.59
 2.59 2.40
 0.97 0.79
 0.52 0.72
 0.20 0.27
 0.80 0.63
 0.38 0.43
 4.94 4.82
 2.10 1.21
 1.61 2.38
 1.27 2.51
 2.61 2.66
 0.95 1.17
 0.39 0.72
 1.13 1.39
 1.72 1.55
 0.40 0.81
 0.91 1.03
 2.31 2.12
 0.52 0.34
 1.26 0.99
 1.21 0.62
 1.71 1.93
 0.44 0.47
 1.14 0.73
 0.33 0.88
 1.95 1.02
 0.44 0.85
 1.19 1.45
 1.39 1.41
 0.55 0.31
 4.87 3.19
 2.82 2.95
 2.20 3.02
 5.02 3.64
 0.72 2.20
 0.78 0.64
 2.30 1.92
 0.92 0.88
 2.24 1.15
 2.65 1.28
 1.32 0.73
 2.87 2.49
 0.32 0.02
 0.08 -0.05
 2.24 1.79
 3.49 2.61
 3.04 2.45
 2.37 1.51
 1.24 1.31
 0.26 0.94
 0.45 0.49
 0.54 0.48
 1.24 1.28
 0.11 0.91
 1.11 0.62
 0.57 1.49
 1.79 2.98
 2.23 1.23
 0.95 1.35
 0.80 0.92
 0.42 0.07
 0.15 0.32
 0.47 0.62
 1.36 0.69
 1.58 1.75
 1.94 1.53
 0.51 0.92
 0.32 0.86
 0.92 1.11
 1.78 2.28
 0.35 0.58
 2.45 2.08
 2.64 3.39
 1.21 1.39
 2.56 1.88
 0.77 1.05
 1.28 1.39
 0.64 -1.05
 6.78 3.58
 2.42 1.90
 0.70 0.29
 0.46 0.85
 1.29 1.60
 1.39 0.82
 0.36 0.59
 0.47 3.05
 1.48 1.71
 0.31 0.67
 2.58 2.19
 0.66 1.17
 1.27 0.82
 2.18 1.69
 1.84 0.94
 1.16 0.70
 3.90 3.28
 0.47 1.75
 0.24 0.42
 0.24 1.50
 5.51 4.36
 0.35 0.50
 1.17 1.44
 0.94 1.81
 1.62 1.17
 2.20 2.24
 0.46 0.71
 1.11 1.26
 1.24 1.39
 1.03 1.21
 2.18 1.57
 0.81 0.86
 2.05 3.79
 2.42 2.39
 1.53 1.21
 0.95 0.84
 0.95 0.86
 1.62 0.58
 3.82 2.40
 2.63 2.65
 1.02 1.42
 1.79 1.80
 1.84 1.28
 0.86 1.03
 0.49 0.93
 0.23 -0.43
 1.80 0.99
 3.25 2.59
 1.28 0.62
 1.32 1.06
 0.28 1.46
 2.98 2.13
 1.56 1.49
 0.94 2.93
 0.90 2.15
 0.45 0.77
 1.92 2.26
 1.01 0.89
 3.41 1.74
 1.51 1.14
 2.86 2.12
 2.25 1.17
 1.86 1.59
 1.30 1.51
 2.31 1.77
 0.71 2.87
 3.09 2.47
 0.81 0.60
 0.80 0.86
 1.48 1.09
 0.10 0.61
 2.85 3.26
 0.17 0.31
 0.66 0.61
 0.40 1.98
 1.44 1.42
 1.01 0.21
 2.32 3.23
 0.82 1.18
 0.60 0.44
 3.98 2.67
 1.74 1.65
 0.07 0.36
 1.94 1.05
 0.35 0.49
 6.83 3.47
 3.84 3.48
 0.44 1.25
 2.21 1.43
 1.25 2.04
 2.85 2.19
 1.09 0.81
 1.46 1.17
 1.33 1.10
 2.41 2.65
 1.81 1.24
 1.22 1.73
 1.30 0.95
 0.56 0.81
 3.01 2.35
 0.52 1.86
 0.41 0.42
 0.81 1.11
 2.20 1.38
 0.70 1.64
 0.35 0.96
 0.88 1.21
 0.46 0.94
 1.60 1.61
 2.11 0.97
 0.43 0.90
 2.21 1.44
 0.15 0.36
 2.14 1.57
 2.95 2.36
 1.30 0.72
 3.37 2.64
 0.55 1.06
 2.02 1.31
 2.64 1.70
 0.68 0.76
 2.93 2.32
 0.29 0.88
 1.46 1.83
 2.93 2.72
 1.50 1.39
 1.30 1.24
 4.30 3.27
 1.16 0.98
 0.38 0.36
 2.43 1.72
 2.35 2.16
 0.16 0.32
 0.58 0.80
 0.35 0.75
 2.16 1.33
 1.56 1.36
 0.74 1.53
 0.36 0.91
 2.00 1.44
 1.89 1.22
 0.91 1.09
 2.07 1.85
 2.26 3.78
 2.71 2.88
 1.13 0.92
 5.42 4.23
 1.71 1.60
 3.15 2.48
 3.42 2.98
 4.49 3.00
 2.95 1.76
 0.86 1.05
 0.44 0.70
 1.16 1.17
 1.33 1.44
 0.47 0.96
 1.10 1.00
 0.63 1.75
 0.89 2.36
 1.29 0.80
 0.92 1.17
 0.97 1.44
 1.04 1.46
 2.32 1.78
 2.78 2.21
 1.90 2.11
 0.80 1.02
 1.07 0.80
 0.55 0.73
 0.83 1.41
 0.44 0.45
 0.73 1.28
 0.41 0.54
 0.58 0.83
 0.70 1.30
 0.73 1.25
 2.53 2.38
 0.13 0.43
 1.17 0.94
 0.91 0.70
 0.68 0.12
 0.70 1.18
 1.62 1.21
 0.66 1.21
 1.04 0.94
 2.74 1.26
 0.79 0.40
 0.80 0.83
 2.73 2.01
 2.90 2.58
 2.48 1.50
 1.03 0.86
 1.26 0.90
 0.37 1.34
 0.73 0.59
 0.65 0.62
 1.08 1.42
 4.19 2.87
 3.08 2.28
 0.87 0.86
 4.15 4.23
 0.71 0.57
 0.46 0.57
 3.52 2.51
 3.15 2.38
 2.09 1.60
 0.71 1.04
 0.36 0.93
 3.08 2.35
 0.48 0.13
 1.66 1.74
 0.44 1.84
 3.15 2.32
 1.15 2.55
 1.56 1.93
 1.37 1.54
 0.98 3.11
 1.07 2.08
 0.51 1.59
 3.11 2.94
 0.78 1.19
 0.28 0.89
 1.12 0.80
 0.91 0.77
 1.28 1.69
 1.10 1.02
 0.43 0.32
 2.19 2.07
 2.67 1.78
 1.13 2.19
 0.23 0.92
 0.61 1.29
 2.57 2.11
 0.51 0.77
 4.33 3.06
 0.33 0.94
 1.86 1.84
 0.50 1.43
