 0.87 0.87
 3.18 3.15
 0.65 0.64
 1.09 1.05
 1.28 1.29
 1.00 1.01
 0.38 0.40
 0.72 0.70
 1.01 0.98
 0.29 0.34
 1.58 1.57
 0.56 0.54
 1.07 1.03
 1.92 1.94
 0.73 0.72
 0.43 0.42
 0.86 0.87
 0.79 0.79
 1.00 1.01
 2.40 2.41
 1.52 1.53
 2.31 2.30
 0.30 0.28
 0.09 0.12
 5.58 5.59
 1.04 1.01
 1.57 1.59
 0.70 0.70
 0.33 0.32
 1.97 1.95
 4.98 4.95
 1.17 1.16
 0.76 0.73
 0.36 0.38
 3.01 2.98
 1.29 1.26
 2.02 2.05
 0.78 0.75
 0.45 0.43
 0.38 0.39
 0.36 0.39
 1.88 1.89
 0.71 0.69
 1.89 1.92
 2.04 2.04
 1.62 1.64
 3.79 3.79
 1.46 1.48
 1.01 1.01
 2.27 2.28
 0.67 0.64
 2.21 2.21
 0.53 0.51
 0.87 0.85
 1.00 1.00
 1.44 1.43
 1.48 1.50
 2.99 3.00
 1.82 1.83
 1.09 1.06
 1.75 1.78
 1.49 1.49
 2.36 2.34
 0.70 0.68
 0.42 0.41
 0.53 0.52
 0.29 0.30
 2.79 2.82
 3.92 3.94
 0.25 0.30
 1.94 1.94
 1.91 1.89
 2.16 2.17
 0.46 0.45
 2.05 2.07
 0.39 0.40
 1.28 1.23
 1.42 1.44
 0.75 0.71
 1.15 1.09
 0.99 0.99
 1.96 1.95
 0.60 0.58
 1.02 1.01
 1.27 1.28
 0.73 0.70
 0.82 0.79
 0.59 0.57
 2.15 2.18
 1.09 1.06
 2.08 2.08
 0.70 0.68
 1.07 1.05
 0.71 0.68
 0.25 0.28
 3.38 3.36
 1.85 1.83
 0.63 0.60
 0.21 0.27
 0.94 0.95
 0.63 0.61
 1.71 1.71
 0.44 0.44
 0.57 0.55
 0.47 0.44
 1.48 1.49
 0.76 0.74
 0.43 0.43
 6.68 6.62
 3.81 3.83
 0.82 0.82
 0.42 0.43
 2.54 2.53
 1.03 1.04
 0.51 0.50
 0.77 0.73
 1.15 1.15
 3.34 3.33
 0.02 0.07
 1.19 1.17
 1.34 1.36
 2.69 2.67
 2.93 2.94
 0.01 0.09
 1.09 1.05
 0.20 0.28
 0.94 0.90
 0.70 0.69
 1.71 1.70
 3.96 4.03
 0.69 0.70
 1.77 1.76
 0.39 0.40
 1.89 1.91
 1.08 1.02
 2.52 2.51
 0.82 0.80
 1.25 1.27
 3.41 3.41
 1.61 1.63
 2.33 2.34
 0.90 0.85
 2.29 2.31
 0.90 0.89
 2.75 2.75
 0.39 0.38
 0.92 0.88
 0.52 0.51
 1.57 1.59
 0.13 0.12
 0.10 0.17
 1.36 1.36
 0.97 0.96
 1.01 1.02
 0.69 0.68
 1.10 1.04
 2.60 2.61
 1.06 1.04
 0.66 0.64
 0.92 0.89
 0.94 0.93
 1.02 0.98
 0.82 0.81
 0.43 0.49
 3.61 3.65
 0.51 0.50
 0.75 0.73
 1.22 1.23
 0.75 0.72
 0.56 0.54
 2.59 2.61
 4.99 5.02
 2.15 2.15
 1.20 1.21
 1.92 1.93
 0.54 0.53
 1.25 1.22
 0.17 0.27
 2.85 2.85
 0.13 0.13
 1.08 1.01
 0.80 0.77
 1.15 1.17
 1.16 1.17
 0.73 0.72
 2.22 2.25
 1.52 1.53
 1.20 1.15
 0.59 0.56
 0.19 0.18
 0.56 0.54
 0.46 0.45
 0.31 0.32
 0.46 0.46
 0.43 0.41
 0.08 0.04
 0.22 0.35
 1.56 1.58
 3.56 3.56
 1.73 1.75
 1.24 1.19
 2.71 2.71
 0.38 0.39
 0.49 0.49
 0.98 0.96
 2.95 2.98
 0.68 0.67
 2.48 2.48
 0.29 0.33
 1.35 1.36
 2.16 2.16
 0.58 0.58
 4.29 4.27
 1.85 1.87
 0.83 0.81
 0.28 0.31
 1.78 1.80
 0.25 0.29
 3.70 3.71
 3.16 3.18
 1.28 1.27
 0.51 0.50
 0.18 0.18
 0.19 0.28
 0.64 0.61
 1.00 1.00
 5.22 5.23
 1.55 1.58
 0.83 0.83
 0.97 0.93
 4.12 4.08
 0.26 0.26
 0.60 0.57
 0.29 0.33
 2.84 2.86
 0.98 0.92
 2.16 2.15
 2.02 2.03
 0.23 0.29
 1.08 1.08
 0.03 0.14
 0.61 0.61
 0.19 0.29
 0.93 0.91
 0.51 0.50
 1.02 0.96
 1.43 1.41
 3.27 3.24
 0.49 0.50
 0.35 0.30
 0.90 0.87
 2.76 2.76
 1.72 1.73
 0.37 0.35
 0.75 0.73
 0.68 0.69
 0.44 0.43
 0.33 0.33
 0.46 0.46
 1.30 1.27
 1.20 1.16
 0.97 0.96
 0.20 0.22
 0.18 0.25
 1.13 1.13
 0.91 0.90
 3.94 3.93
 6.52 6.62
 1.35 1.32
 0.25 0.24
 0.26 0.26
 0.41 0.46
 4.13 4.13
 0.13 0.17
 0.21 0.29
 2.34 2.34
 2.03 2.05
 4.88 4.88
 3.46 3.46
 0.28 0.29
 0.15 0.15
 0.31 0.32
 0.52 0.61
 1.60 1.57
 3.16 3.20
 1.10 1.10
 0.30 0.29
 2.27 2.27
 1.27 1.27
 1.07 1.05
 0.02 0.11
 3.10 3.14
 1.58 1.61
 0.31 0.31
 2.06 2.05
 1.77 1.80
 2.95 2.94
 0.44 0.44
 2.51 2.51
 0.82 0.82
 0.88 0.89
 3.28 3.28
 0.74 0.74
 0.38 0.36
 0.58 0.56
 0.91 0.90
 2.06 2.07
 1.05 1.03
 0.91 0.90
 1.30 1.27
 0.83 0.79
 3.32 3.30
 0.24 0.28
 0.59 0.57
 0.27 0.29
 1.68 1.68
 3.39 3.38
 0.67 0.66
 0.66 0.64
 2.24 2.22
 2.19 2.18
 2.72 2.72
 2.16 2.17
 0.61 0.61
 0.59 0.61
 0.35 0.34
 0.70 0.69
 2.59 2.60
 0.37 0.35
 1.41 1.42
 2.09 2.09
 0.76 0.75
 0.65 0.65
 1.10 1.10
 2.44 2.47
 2.89 2.87
 1.76 1.75
 1.81 1.81
 1.34 1.36
 2.75 2.75
 1.85 1.86
 0.70 0.70
 1.54 1.54
 4.85 5.31
 0.82 0.83
 1.02 1.02
 0.46 0.44
 1.11 1.12
 1.12 1.12
 1.34 1.32
 0.26 0.27
 0.71 0.68
 4.42 4.40
 1.00 0.97
 1.56 1.58
 0.77 0.74
 0.12 0.11
 0.49 0.47
 0.24 0.23
 0.68 0.66
 0.39 0.35
 0.93 0.88
 1.33 1.27
 2.58 2.59
 0.91 0.86
 1.44 1.40
 0.77 0.76
 0.80 0.79
 0.90 0.87
 0.79 0.78
 1.02 0.99
 0.51 0.51
 1.10 1.10
 1.48 1.48
 0.36 0.38
 1.29 1.31
 1.87 1.90
 1.05 1.01
 4.29 4.26
 0.96 0.96
 1.68 1.69
 0.73 0.74
 0.53 0.53
 0.64 0.65
 0.52 0.53
 0.26 0.30
 0.47 0.47
 0.37 0.35
 0.09 0.11
 0.45 0.43
 3.25 3.24
 2.19 2.18
 0.72 0.71
 3.98 4.01
 1.63 1.64
 0.48 0.46
 0.22 0.27
 0.76 0.76
 2.46 2.44
 0.59 0.58
 1.15 1.15
 3.15 3.15
 0.08 0.11
 0.39 0.38
 4.46 4.50
 2.17 2.18
 0.77 0.73
 1.03 1.01
 0.12 0.12
 3.28 3.27
 1.09 1.04
 1.08 1.08
 1.29 1.29
 6.78 6.95
 5.00 4.98
 0.10 0.11
 0.60 0.59
 1.16 1.10
 0.67 0.66
 1.45 1.48
 0.40 0.39
 0.65 0.66
 0.80 0.78
 3.83 3.84
 0.80 0.80
 2.88 2.94
 0.38 0.39
 2.60 2.66
 0.21 0.27
 2.97 2.98
 0.83 0.83
 3.26 3.25
 0.62 0.59
 1.81 1.83
 0.77 0.76
 3.50 3.51
 0.37 0.38
 0.69 0.69
 2.22 2.21
 0.95 0.95
 1.25 1.27
 0.56 0.56
 0.91 0.93
 1.13 1.14
 1.09 1.10
 1.15 1.16
 0.37 0.37
 0.96 0.98
 0.69 0.66
 0.43 0.44
 2.22 2.23
 1.28 1.26
 1.06 1.05
 1.68 1.69
 1.97 1.94
 3.15 3.15
 0.52 0.51
 1.26 1.27
 1.24 1.25
 1.16 1.16
 0.88 0.89
 2.56 2.46
 1.59 1.60
 1.79 1.80
 0.42 0.40
 0.92 0.93
 0.79 0.77
 0.50 0.48
 3.84 3.83
 1.45 1.47
 1.41 1.37
 0.21 0.22
 2.12 2.12
 1.51 1.54
 0.72 0.72
 0.21 0.22
 2.20 2.20
 0.81 0.81
 1.70 1.65
 1.18 1.20
 2.47 2.50
 3.01 3.02
 0.91 0.89
 0.93 0.94
 2.76 2.77
 0.17 0.23
 0.89 0.86
 1.36 1.38
 1.43 1.39
 0.56 0.54
 3.03 3.01
 1.61 1.62
 0.55 0.53
 2.28 2.30
 0.41 0.41
 0.39 0.38
 0.23 0.30
 0.69 0.67
 2.56 2.54
 4.84 4.85
 3.17 3.19
 0.57 0.55
 2.30 2.32
 2.18 2.20
 0.33 0.41
 0.60 0.58
 3.12 3.13
 0.16 0.17
 0.80 0.78
 0.69 0.67
 0.24 0.23
 1.42 1.43
 1.46 1.47
 0.26 0.30
 1.10 1.08
 1.29 1.30
 0.30 0.27
 1.41 1.42
 2.18 2.18
 2.76 2.77
 0.72 0.70
 5.48 5.50
 1.47 1.45
 0.96 0.94
 1.33 1.34
 3.12 3.16
 1.24 1.24
 0.85 0.82
 1.14 1.15
 2.69 2.67
 0.60 0.59
 0.88 0.86
 0.27 0.27
 3.77 3.79
 0.94 0.95
 1.24 1.20
 2.11 2.11
 1.18 1.16
 3.31 3.30
 0.50 0.50
 1.16 1.17
 2.10 2.12
 1.41 1.42
 0.79 0.76
 0.18 0.20
 0.56 0.55
 3.18 3.18
 1.11 1.10
 1.60 1.62
 1.03 1.02
 1.51 1.51
 1.69 1.68
 0.47 0.47
 0.31 0.36
 1.62 1.63
 0.08 0.09
 0.67 0.65
 0.46 0.47
 2.65 2.70
 2.26 2.23
 1.24 1.20
 4.42 4.41
 1.48 1.49
 0.49 0.53
 2.98 2.97
 0.63 0.63
 0.50 0.49
 0.77 0.76
 2.19 2.21
 2.07 2.08
 3.31 3.28
 0.23 0.24
 0.67 0.65
 2.38 2.38
 1.57 1.55
 0.29 0.33
 0.93 0.93
 1.98 2.00
 3.35 3.35
 1.04 1.06
 0.47 0.48
 3.34 3.31
 2.51 2.52
 0.48 0.47
 0.52 0.50
 0.47 0.50
 0.91 0.90
 0.16 0.16
 0.19 0.22
 4.85 4.92
 4.99 5.03
 3.94 3.91
 0.75 0.74
 2.67 2.69
 0.37 0.36
 2.46 2.51
 2.84 2.84
 2.81 2.80
 3.31 3.31
 0.42 0.40
 1.34 1.36
 2.30 2.30
 4.03 4.02
 0.77 0.75
 0.73 0.72
 3.12 3.13
 0.69 0.66
 1.56 1.57
 1.50 1.46
 1.24 1.25
 2.29 2.32
 0.06 0.08
 1.24 1.25
 1.98 2.02
 0.36 0.36
 0.94 0.94
 0.39 0.43
 2.15 2.15
 0.72 0.72
 1.60 1.61
 0.52 0.50
 2.37 2.35
 1.05 1.04
 1.61 1.64
 3.61 3.59
 1.56 1.54
 0.68 0.65
 0.83 0.79
 3.57 3.56
 0.30 0.32
 1.20 1.19
 4.20 4.19
 5.24 5.25
 0.34 0.35
 0.46 0.45
 4.07 4.07
 1.00 1.00
 3.17 3.15
 3.82 3.81
 1.17 1.18
 0.68 0.64
 3.86 3.86
 0.46 0.45
 0.42 0.46
 1.28 1.28
 1.26 1.28
 2.51 2.51
 0.01 0.07
 0.60 0.60
 0.19 0.26
 1.33 1.33
 2.34 2.36
 1.49 1.53
 2.20 2.21
 4.98 5.01
 2.15 2.14
 0.94 0.91
 0.89 0.83
 1.69 1.67
 0.40 0.38
 0.45 0.43
 3.32 3.31
 0.58 0.56
 0.84 0.82
 1.17 1.18
 0.58 0.58
 0.54 0.52
 0.92 0.93
 0.70 0.69
 1.81 1.83
 3.80 3.81
 1.71 1.73
 4.46 4.44
 1.27 1.28
 1.28 1.29
 2.48 2.50
 0.71 0.67
 0.13 0.20
 0.23 0.21
 1.16 1.12
 0.82 0.82
 1.27 1.30
 0.96 0.97
 0.88 0.88
 0.92 0.94
 1.23 1.24
 0.37 0.36
 2.26 2.25
 0.49 0.49
 0.88 0.89
 1.59 1.61
 2.75 2.72
 0.96 0.95
 1.27 1.29
 1.09 1.11
 0.53 0.52
 0.37 0.38
 0.88 0.88
 0.90 0.92
 0.49 0.49
 2.20 2.21
 0.65 0.66
 0.50 0.47
 1.32 1.33
 3.02 3.03
 0.94 0.94
 1.30 1.31
 2.02 2.10
 1.93 1.90
 0.91 0.88
 0.45 0.43
 0.28 0.32
 4.81 4.80
 2.27 2.25
 1.10 1.10
 1.33 1.34
 0.95 0.89
 1.76 1.74
 0.58 0.56
 0.92 0.93
 0.79 0.75
 1.78 1.78
 1.10 1.10
 1.60 1.63
 2.70 2.74
 0.27 0.27
 1.57 1.58
 0.55 0.53
 0.43 0.43
 1.23 1.24
 3.81 3.80
 0.27 0.31
 1.44 1.44
 0.21 0.32
 1.68 1.70
 0.48 0.48
 1.57 1.60
 2.12 2.14
 0.62 0.61
 2.45 2.45
 1.10 1.09
 2.95 2.98
 3.63 3.62
 1.54 1.55
 0.27 0.31
 2.36 2.32
 2.10 2.11
 0.95 0.93
 1.13 1.13
 1.65 1.64
 2.68 2.68
 0.92 0.91
 1.46 1.46
 2.06 2.08
 3.33 3.33
 1.54 1.54
 3.09 3.07
 1.86 1.86
 1.83 1.85
 0.62 0.62
 1.99 2.02
 1.74 1.74
 0.33 0.36
 0.62 0.62
 0.42 0.42
 2.80 2.86
 1.77 1.77
 0.25 0.25
 1.68 1.70
 1.65 1.67
 5.12 5.16
 2.60 2.58
 1.46 1.41
 4.46 4.49
 0.77 0.77
 1.05 1.02
 0.18 0.19
 1.94 1.93
 1.09 1.10
 0.37 0.42
 0.87 0.85
 0.75 0.74
 1.86 1.87
 0.35 0.34
 1.02 0.99
 4.94 4.94
 2.22 2.23
 1.06 1.06
 0.70 0.69
 1.00 0.99
 0.42 0.40
 0.20 0.29
 0.07 0.12
 1.11 1.12
 2.35 2.31
 1.36 1.38
 3.01 3.01
 0.92 0.89
 3.86 3.84
 1.26 1.19
 1.10 1.11
 0.86 0.84
 0.43 0.44
 2.26 2.27
 1.72 1.74
 3.52 3.56
 1.96 1.99
 0.94 0.97
 0.68 0.68
 0.44 0.43
 0.48 0.47
 3.03 3.05
 3.59 3.60
 1.08 1.03
 2.33 2.33
 0.79 0.79
 0.02 0.11
 1.89 1.89
 0.58 0.56
 0.18 0.19
 2.13 2.16
 0.94 0.90
 0.29 0.32
 1.01 1.02
 0.81 0.80
 1.86 1.88
 1.01 1.01
 0.67 0.64
 0.70 0.68
 0.70 0.69
 1.29 1.30
 2.05 2.08
 2.66 2.64
 0.04 0.11
 2.07 2.08
 1.46 1.48
 0.91 0.90
 0.73 0.68
 1.62 1.56
 2.33 2.33
 0.75 0.74
 0.94 0.94
 0.32 0.31
 0.73 0.73
 0.48 0.50
 5.49 5.49
 0.49 0.43
 1.86 1.86
 0.77 0.79
 0.20 0.19
 2.73 2.76
 1.64 1.63
 2.62 2.61
 3.73 3.70
 0.92 0.92
 0.27 0.37
 2.76 2.75
 0.98 0.93
 1.53 1.55
 0.90 0.90
 2.85 2.83
 0.23 0.18
 1.43 1.40
 0.99 0.99
 2.20 2.20
 1.41 1.42
 1.07 1.08
 0.32 0.31
 0.50 0.50
 0.56 0.56
 0.50 0.49
 2.54 2.55
 1.48 1.44
 0.55 0.53
 0.90 0.89
 0.82 0.81
 0.27 0.31
 0.62 0.61
 1.20 1.19
 0.72 0.73
 1.17 1.17
 0.88 0.88
 3.89 3.90
 2.51 2.52
 0.11 0.14
 0.07 0.10
 0.68 0.67
 2.47 2.49
 0.28 0.27
 1.17 1.11
 1.98 2.00
 1.95 1.97
 3.05 3.07
 3.86 3.87
 0.55 0.53
 5.42 5.46
 1.38 1.33
 2.41 2.41
 0.75 0.72
 0.24 0.26
 0.29 0.30
 3.02 2.98
 2.40 2.37
 2.64 2.61
 3.06 3.04
 0.78 0.74
 0.70 0.66
 2.64 2.63
 1.74 1.76
 1.93 1.95
 1.09 1.09
 1.76 1.74
 1.43 1.44
 2.18 2.19
 2.81 2.84
 0.57 0.57
 0.10 0.11
 0.87 0.88
 0.51 0.51
 0.89 0.88
 1.27 1.29
 4.65 4.69
 1.65 1.66
 1.29 1.29
 2.70 2.69
 1.71 1.73
 1.22 1.20
 2.02 2.01
 3.44 3.42
 0.77 0.73
 4.82 4.84
 0.76 0.74
 2.28 2.28
 1.04 0.97
 0.53 0.52
 3.57 3.60
 2.24 2.26
 0.15 0.19
 0.33 0.35
 0.85 0.85
 1.91 1.92
 0.87 0.84
 0.75 0.75
 0.46 0.44
 0.28 0.29
 1.08 1.01
 2.08 2.10
 2.60 2.60
 0.41 0.39
 1.99 2.00
 0.28 0.33
 0.48 0.45
 1.16 1.11
 1.20 1.21
 2.75 2.76
 0.81 0.80
 0.36 0.37
 1.22 1.21
 0.64 0.71
 0.70 0.69
 2.87 2.85
 1.59 1.59
 1.57 1.57
 3.69 3.69
 1.57 1.59
 2.32 2.31
 0.32 0.33
 0.24 0.26
 1.38 1.39
 1.53 1.55
 2.40 2.39
 0.81 0.82
 1.28 1.29
 0.95 0.92
 3.17 3.16
 0.30 0.34
 1.18 1.19
 0.12 0.15
 0.45 0.45
 1.52 1.54
 3.35 3.32
 2.72 2.73
 0.97 0.94
 2.61 2.62
 0.95 0.95
 0.24 0.24
 1.81 1.82
 1.35 1.35
 0.21 0.20
 1.60 1.53
 0.78 0.74
 1.61 1.59
 0.92 0.86
 1.07 1.01
 2.74 2.78
 2.83 2.87
 1.36 1.38
 1.53 1.55
 0.19 0.19
 0.47 0.45
 0.12 0.13
 1.11 1.08
 0.64 0.61
 2.36 2.37
 2.76 2.76
 0.97 0.95
 0.43 0.42
 1.12 1.13
 0.63 0.60
 5.29 5.31
 0.37 0.35
 0.23 0.21
 2.92 2.92
 4.94 4.96
 0.30 0.30
 0.90 0.90
 0.16 0.18
 0.25 0.26
 2.13 2.12
 0.42 0.42
 0.63 0.61
 0.35 0.35
 1.43 1.45
 1.73 1.75
 1.68 1.70
 1.02 1.03
 0.50 0.48
 0.95 0.94
 0.97 0.96
 1.52 1.52
 0.95 0.95
 1.65 1.62
 2.11 2.12
 1.62 1.68
 1.33 1.34
 1.14 1.13
 0.88 0.83
 1.42 1.45
 1.52 1.53
 1.03 1.04
 2.43 2.42
 0.30 0.31
 0.67 0.67
 2.62 2.64
 1.71 1.74
 3.23 3.22
 1.40 1.40
 2.52 2.50
 0.55 0.52
 0.39 0.40
 1.84 1.82
 1.30 1.32
 0.84 0.82
 0.37 0.34
 3.54 3.56
 1.18 1.18
 0.66 0.65
 0.33 0.32
 3.78 3.78
 1.19 1.20
 2.44 2.44
 0.75 0.70
 0.69 0.69
 0.77 0.78
 0.53 0.52
 3.87 3.86
 2.14 2.15
 3.61 3.54
 1.63 1.65
 0.26 0.28
 0.60 0.57
 0.65 0.63
 0.90 0.90
 0.42 0.44
 1.08 1.03
 1.15 1.11
 0.50 0.49
 2.25 2.23
 0.69 0.66
 0.55 0.55
 1.25 1.26
 0.67 0.64
 1.00 1.01
 4.87 4.85
 1.15 1.15
 2.98 2.99
 1.29 1.30
 1.40 1.43
 1.11 1.12
 1.16 1.16
 1.06 1.07
 1.96 1.96
 1.12 1.12
 0.24 0.27
 6.32 6.17
 0.08 0.19
 0.44 0.41
 1.64 1.67
 4.51 4.53
 0.92 0.92
 0.24 0.25
 1.02 1.03
 1.37 1.38
 0.49 0.48
 1.13 1.15
 1.42 1.43
 0.73 0.72
 0.46 0.46
 1.15 1.13
 0.17 0.23
 1.86 1.87
 0.76 0.75
 0.16 0.19
 1.90 1.93
 0.91 0.91
 0.85 0.84
 0.18 0.19
 1.10 1.06
 2.80 2.81
 5.92 5.90
 0.55 0.54
 0.83 0.82
 0.66 0.63
 1.04 1.03
 2.59 2.60
 2.27 2.29
 0.97 0.97
 1.45 1.44
 1.21 1.19
 3.50 3.52
 1.14 1.14
 0.67 0.66
 0.37 0.35
 1.50 1.53
 1.96 1.97
 2.43 2.44
 1.89 1.88
 2.05 2.02
 0.80 0.76
 2.24 2.24
 1.64 1.64
 1.68 1.70
 1.52 1.54
 1.80 1.78
 1.40 1.41
 3.30 3.30
 1.58 1.60
 0.53 0.51
 0.71 0.70
 1.25 1.21
 1.02 1.03
 0.97 0.97
 1.36 1.35
 0.99 0.99
 0.57 0.57
 0.40 0.40
 3.78 3.75
 0.87 0.85
 6.83 6.97
 1.01 1.01
 1.94 1.94
 0.89 0.89
 0.88 0.86
 3.50 3.47
 0.35 0.35
 0.82 0.79
 2.61 2.59
 0.47 0.43
 1.39 1.41
 4.07 3.97
 3.61 3.65
 0.23 0.25
 0.52 0.51
 0.82 0.81
 0.53 0.47
 0.78 0.75
 3.05 2.86
 1.86 1.86
 1.95 1.94
 0.40 0.38
 2.32 2.31
 0.86 0.84
 0.53 0.51
 0.92 0.88
 1.02 1.03
 0.68 0.67
 0.99 0.94
 1.45 1.47
 0.79 0.79
 2.48 2.51
 0.58 0.57
 2.43 2.46
 0.29 0.29
 0.14 0.22
 0.72 0.70
 1.30 1.31
 0.49 0.47
 0.94 0.94
 0.42 0.40
 2.05 2.07
 0.64 0.64
 0.72 0.70
 0.18 0.21
 0.72 0.68
 0.44 0.44
 0.24 0.32
 1.50 1.51
 0.88 0.86
 1.28 1.29
 0.38 0.37
 0.48 0.46
 0.75 0.71
 0.41 0.44
 0.97 0.97
 1.25 1.26
 1.32 1.29
 1.45 1.43
 1.54 1.43
 0.47 0.45
 3.41 3.43
 1.05 1.02
 3.19 3.20
 2.66 2.68
 1.58 1.58
 3.37 3.37
 0.84 0.82
 3.80 3.81
 0.98 0.98
 0.71 0.71
 0.78 0.77
 2.14 2.13
 0.55 0.55
 0.80 0.78
 0.92 0.93
 3.01 3.02
 3.02 3.03
 3.28 3.26
 2.12 2.10
 5.39 5.41
 0.77 0.73
 0.55 0.53
 0.93 0.88
 0.51 0.50
 2.37 2.39
 0.61 0.60
 0.46 0.48
 2.75 2.74
 2.46 2.46
 0.79 0.79
 1.20 1.20
 0.45 0.43
 0.71 0.72
 2.37 2.36
 0.35 0.34
 0.59 0.58
 0.25 0.28
 0.39 0.40
 0.12 0.13
 0.71 0.72
 1.69 1.70
 4.08 4.05
 0.49 0.48
 0.76 0.74
 2.69 2.67
 3.52 3.52
 2.40 2.37
 3.15 3.15
 0.69 0.67
 3.82 3.84
 3.53 3.52
 0.80 0.76
 2.69 2.71
 2.00 2.01
 6.07 6.00
 4.11 4.19
 1.61 1.63
 1.00 0.98
 0.93 0.93
 1.48 1.49
 0.47 0.46
 0.82 0.82
 0.19 0.28
 2.51 2.53
 2.52 2.55
 2.81 2.83
 1.72 1.72
 1.23 1.24
 1.12 1.14
 2.89 2.89
 0.29 0.31
 0.08 0.19
 0.64 0.62
 0.91 0.92
 0.33 0.33
 2.34 2.33
 1.76 1.74
 0.58 0.56
 0.24 0.25
 0.83 0.82
 0.68 0.66
