 1.18 0.99
 0.67 0.74
 1.04 1.27
 2.41 2.50
 0.64 -0.04
 0.74 0.94
 0.38 0.98
 0.16 0.21
 0.44 0.99
 3.62 2.90
 0.95 0.73
 0.70 0.71
 0.62 1.17
 0.67 0.77
 2.78 2.83
 0.07 -0.01
 0.37 0.84
 0.56 0.70
 1.72 1.30
 5.30 4.82
 1.40 1.45
 0.91 0.79
 0.31 0.86
 0.58 0.95
 3.17 3.40
 0.73 1.77
 3.30 2.95
 1.32 1.40
 0.47 0.49
 0.40 0.52
 2.51 2.01
 0.38 2.65
 1.30 1.03
 2.80 2.28
 4.88 3.32
 2.08 1.96
 0.49 0.81
 2.34 2.43
 0.80 0.99
 1.64 1.47
 1.02 1.48
 0.15 -0.26
 1.70 1.51
 0.17 -0.18
 1.42 1.08
 1.62 1.58
 1.37 1.42
 0.82 1.24
 1.81 1.02
 0.40 0.71
 4.41 3.64
 1.59 1.20
 2.22 1.73
 0.82 0.66
 0.52 1.50
 0.86 1.07
 2.11 1.60
 3.32 2.37
 0.92 0.55
 1.19 0.78
 1.47 1.14
 1.63 1.43
 0.28 0.81
 0.60 0.42
 0.27 1.56
 1.09 2.34
 2.40 3.19
 0.15 0.37
 1.29 2.25
 3.54 2.38
 0.21 0.09
 4.57 3.56
 1.11 1.14
 0.85 0.79
 1.00 1.10
 0.83 1.03
 3.14 1.97
 1.19 1.92
 0.29 1.42
 0.33 0.67
 0.97 1.05
 0.90 1.13
 0.77 1.08
 0.26 -0.06
 0.72 0.69
 0.93 0.93
 0.46 1.98
 3.02 2.52
 0.65 0.72
 1.01 0.16
 0.55 0.35
 4.90 3.86
 0.68 0.68
 0.55 0.83
 3.05 3.56
 0.36 -0.01
 1.09 7.03
 0.61 1.48
 2.04 2.87
 0.24 0.64
 1.56 2.45
 3.38 2.63
 4.59 3.39
 0.09 0.85
 0.70 0.85
 2.13 1.34
 0.46 0.15
 0.77 1.13
 0.47 0.63
 0.48 0.90
 1.05 1.27
 1.24 1.40
 0.39 0.60
 1.03 0.64
 1.14 1.02
 1.23 0.82
 0.49 0.86
 0.95 0.83
 0.99 0.90
 1.05 1.32
 0.38 0.99
 0.42 0.54
 3.53 1.88
 3.60 2.32
 0.60 -0.23
 0.89 1.30
 3.64 2.70
 3.21 1.90
 0.13 -0.26
 0.99 1.72
 2.24 1.51
 0.90 0.76
 1.54 1.44
 3.35 2.46
 3.24 2.47
 2.02 1.27
 0.17 0.19
 3.14 2.68
 1.76 0.66
 2.39 2.96
 0.34 0.31
 1.96 2.33
 0.95 0.59
 1.68 1.02
 2.73 2.34
 2.34 1.84
 1.18 0.95
 0.88 -0.05
 0.31 0.29
 0.46 0.85
 0.75 1.93
 2.42 3.49
 1.98 1.16
 0.32 0.72
 0.50 0.62
 0.45 0.53
 0.99 0.72
 0.98 2.59
 1.24 1.72
 0.92 2.16
 1.32 0.78
 1.11 0.02
 1.22 0.66
 0.84 1.61
 0.67 1.60
 0.87 1.64
 2.60 2.59
 2.09 2.20
 0.38 0.44
 2.75 2.09
 0.85 0.43
 1.61 1.44
 2.44 1.72
 0.18 0.10
 0.84 1.16
 0.88 1.76
 1.16 1.00
 0.73 1.75
 1.47 1.62
 0.14 0.69
 2.09 2.06
 1.66 1.46
 1.96 2.25
 1.91 0.96
 0.53 1.57
 2.75 1.95
 0.92 1.77
 0.45 0.48
 0.59 1.01
 0.45 0.48
 0.55 1.18
 1.00 1.91
 3.14 2.74
 0.61 1.14
 2.46 2.48
 0.36 2.18
 0.29 0.58
 1.76 1.02
 0.83 0.60
 0.32 1.10
 0.82 0.67
 0.55 0.63
 3.17 2.60
 1.47 1.17
 0.13 0.41
 1.91 3.72
 3.49 2.66
 3.63 2.85
 0.44 0.90
 0.60 0.55
 0.65 0.79
 0.82 0.99
 1.70 1.55
 0.59 2.91
 0.30 1.17
 0.39 0.15
 0.76 1.90
 2.02 4.12
 1.97 2.27
 0.44 1.58
 1.78 0.63
 0.45 0.72
 1.10 1.16
 1.14 1.14
 0.86 0.98
 0.63 0.91
 0.84 1.42
 0.21 1.08
 0.20 0.80
 0.27 0.74
 0.25 1.68
 0.84 1.69
 1.90 2.07
 0.29 1.40
 2.21 1.74
 4.03 4.36
 0.25 1.34
 3.66 3.32
 0.46 1.00
 2.31 1.71
 2.51 2.02
 0.43 0.88
 0.19 -0.21
 0.23 0.36
 1.03 0.46
 0.97 0.87
 1.14 1.95
 0.82 0.76
 0.47 0.66
 0.40 0.50
 0.56 1.38
 1.17 1.10
 0.72 1.30
 1.18 1.70
 2.46 2.07
 1.62 1.51
 1.79 2.26
 2.50 2.91
 0.18 0.23
 0.32 0.28
 1.47 0.94
 2.57 1.89
 1.08 1.04
 1.28 1.77
 0.15 0.25
 0.25 0.76
 2.79 2.28
 3.19 2.01
 0.28 0.12
 0.63 0.41
 1.72 1.98
 2.19 0.93
 4.88 4.29
 1.91 1.33
 0.22 0.10
 0.64 0.60
 0.83 1.42
 0.87 0.79
 2.08 2.32
 0.93 0.88
 0.70 0.55
 5.37 3.24
 0.46 0.40
 1.69 1.91
 0.40 0.49
 2.67 2.53
 0.41 2.06
 2.76 2.24
 2.12 2.33
 0.54 1.09
 0.93 0.57
 0.26 0.09
 1.64 1.78
 1.29 0.93
 0.24 0.97
 0.97 0.78
 0.70 0.07
 4.81 2.73
 1.97 1.53
 3.33 2.84
 0.94 2.50
 1.38 1.27
 2.59 2.33
 1.43 1.63
 0.69 1.29
 1.75 1.05
 1.00 0.73
 2.62 1.80
 0.42 2.43
 2.42 2.24
 0.93 1.57
 0.64 1.51
 0.07 0.23
 2.99 2.38
 2.57 2.90
 1.68 1.47
 3.31 3.14
 4.38 3.57
 1.63 2.18
 0.58 0.91
 0.43 -0.50
 3.05 2.71
 3.04 2.24
 2.26 1.90
 3.84 2.88
 0.82 0.82
 3.26 2.64
 3.22 2.60
 0.56 0.69
 0.39 0.92
 0.70 0.92
 3.73 2.69
 0.38 1.14
 1.31 1.44
 3.17 2.70
 1.08 1.81
 1.07 1.20
 2.98 2.16
 0.40 0.76
 2.29 1.94
 3.32 3.07
 1.90 2.02
 0.75 1.73
 0.41 1.03
 1.37 0.58
 0.83 0.72
 0.78 0.52
 0.53 2.17
 0.36 1.35
 1.17 1.06
 2.23 1.54
 1.55 1.39
 0.64 0.45
 4.73 3.53
 3.49 4.27
 2.94 3.08
 2.37 2.16
 1.64 1.21
 0.75 1.93
 0.56 1.20
 3.71 3.18
 1.13 2.26
 1.61 2.31
 1.74 1.73
 1.29 0.85
 0.87 0.53
 2.52 1.31
 3.04 2.97
 1.06 1.96
 2.13 1.68
 3.17 4.18
 0.97 0.27
 1.01 1.39
 2.42 3.56
 0.30 8.78
 2.51 2.20
 0.72 1.15
 1.53 2.11
 1.20 1.11
 1.88 1.15
 0.80 -0.05
 3.16 2.47
 1.20 1.25
 1.23 1.81
 3.64 4.16
 1.04 1.14
 0.47 0.97
 0.05 0.39
 1.79 2.39
 0.88 0.29
 1.07 1.08
 0.59 0.66
 1.24 1.92
 2.16 1.12
 0.62 -0.03
 0.22 0.33
 0.76 0.85
 1.27 0.85
 0.96 2.15
 0.54 0.79
 3.52 2.87
 0.95 0.88
 2.48 2.19
 0.87 0.25
 0.10 0.30
 0.47 0.28
 0.89 1.17
 1.54 0.88
 1.67 1.44
 0.67 0.61
 2.63 1.86
 0.77 0.73
 0.82 0.72
 0.49 0.58
 2.68 1.47
 0.85 0.71
 0.23 0.51
 4.08 3.82
 2.74 2.49
 0.04 -0.84
 0.64 1.09
 1.42 1.33
 3.08 2.46
 2.99 2.14
 2.87 2.42
 0.48 0.80
 2.08 1.68
 0.24 0.59
 0.70 0.99
 0.51 0.47
 0.37 1.17
 1.33 1.55
 1.02 2.38
 1.53 1.79
 0.77 -4.57
 2.29 1.02
 0.69 0.43
 0.84 0.56
 0.46 1.01
 0.33 0.95
 2.94 2.28
 1.18 0.88
 0.78 0.98
 4.45 3.28
 2.07 1.52
 1.15 1.17
 1.95 1.89
 3.71 2.98
 1.66 1.84
 2.68 0.70
 1.05 0.96
 0.74 0.87
 0.84 1.43
 0.91 1.92
 2.38 3.12
 1.71 1.70
 2.72 2.05
 1.26 0.82
 0.46 0.62
 5.13 2.80
 3.15 2.42
 1.28 0.84
 2.17 1.96
 0.16 0.52
 1.44 1.19
 0.85 1.42
 0.79 1.16
 0.64 0.89
 1.44 1.62
 2.62 2.55
 1.43 1.14
 1.33 1.20
 0.83 0.74
 3.35 2.95
 1.40 0.79
 0.78 1.10
 1.32 1.13
 1.18 0.96
 2.47 2.04
 2.19 1.01
 0.80 0.51
 1.06 0.58
 1.24 0.97
 0.80 0.45
 3.97 3.81
 1.81 1.27
 0.24 0.37
 2.58 3.50
 0.50 1.06
 1.32 1.41
 0.15 -0.04
 1.24 0.97
 1.22 1.15
 0.71 1.38
 2.21 2.27
 1.08 1.40
 2.05 1.81
 1.84 1.59
 0.29 1.41
 5.25 3.04
 1.12 1.60
 3.78 2.38
 1.11 0.62
 5.76 3.46
 0.73 0.65
 1.49 0.80
 1.29 0.24
 1.88 1.06
 1.27 1.09
 1.20 2.13
 0.39 0.73
 0.75 0.22
 1.07 0.85
 0.14 0.39
 2.09 2.04
 0.36 0.31
 3.55 3.82
 2.60 2.26
 1.50 0.98
 1.29 1.31
 0.79 0.51
 0.82 1.01
 1.24 1.25
 1.23 2.22
 0.58 0.90
 1.24 1.09
 2.31 1.66
 2.98 1.93
 0.86 1.55
 1.01 1.29
 0.42 1.22
 1.11 0.89
 2.63 1.74
 2.89 2.57
 3.11 3.40
 2.30 1.95
 0.76 1.68
 3.79 2.84
 1.86 2.49
 0.23 -0.04
 0.44 0.62
 3.11 2.44
 2.78 3.52
 0.91 0.85
 0.52 1.00
 0.92 0.95
 2.27 1.49
 2.00 1.80
 0.62 1.31
 1.40 1.73
 2.23 2.58
 2.84 3.38
 2.95 1.98
 1.30 1.54
 0.36 0.32
 1.63 1.26
 0.73 1.09
 1.17 1.18
 1.20 2.11
 2.43 1.05
 0.61 1.03
 3.02 1.37
 2.46 2.41
 2.87 1.41
 1.46 1.27
 0.75 0.88
 2.14 1.36
 3.54 4.26
 1.37 1.67
 3.30 1.98
 0.75 0.96
 0.24 -0.10
 2.92 2.04
 3.46 2.99
 4.63 3.48
 1.08 1.46
 3.78 2.61
 0.47 0.39
 0.78 0.86
 1.06 1.13
 0.73 3.32
 6.24 3.37
 0.89 1.02
 1.68 2.09
 6.51 3.16
 5.92 4.36
 0.51 1.59
 0.35 0.57
 1.18 1.07
 1.24 1.17
 0.49 0.61
 0.79 0.64
 0.39 0.04
 0.82 0.72
 0.47 0.31
 2.49 2.17
 3.18 2.66
 3.66 2.01
 2.75 2.36
 3.42 2.68
 3.76 3.40
 0.60 0.31
 2.10 2.37
 2.29 1.52
 1.24 1.31
 3.16 2.71
 3.13 2.18
 1.96 1.61
 1.07 1.00
 1.36 1.94
 1.52 1.00
 1.26 1.30
 0.83 1.18
 0.56 3.05
 1.99 1.55
 0.62 1.26
 1.96 1.24
 0.63 0.52
 2.09 1.23
 1.35 1.56
 2.00 1.55
 0.50 1.03
 3.03 1.98
 1.06 1.32
 0.17 0.71
 0.53 0.34
 0.47 0.84
 2.32 2.34
 0.57 0.74
 4.00 3.33
 2.05 1.27
 0.29 2.23
 1.71 1.45
 3.97 2.75
 0.21 2.47
 2.93 2.89
 1.24 1.39
 0.17 0.05
 0.53 1.03
 0.85 0.82
 0.74 2.66
 0.49 0.41
 0.46 0.23
 3.46 2.64
 2.12 2.35
 1.81 1.03
 2.60 1.60
 0.18 0.91
 2.58 2.59
 1.35 0.77
 0.47 0.90
 0.26 1.53
 1.98 1.52
 1.06 0.75
 1.87 1.70
 0.43 0.74
 1.60 0.72
 0.76 1.01
 2.02 1.93
 0.73 1.74
 0.98 0.72
 1.24 2.69
 1.77 1.08
 2.09 1.90
 0.07 -0.18
 0.74 1.50
 2.02 1.52
 1.70 1.59
 1.59 0.98
 1.40 -2.10
 1.65 0.92
 2.25 2.39
 1.94 1.47
 1.21 1.91
 2.26 2.05
 2.71 2.03
 1.65 1.39
 1.19 1.08
 0.46 0.83
 0.50 0.40
 0.66 0.77
 2.78 3.18
 1.99 1.59
 0.83 0.58
 2.06 2.07
 3.90 2.92
 0.31 1.32
 0.97 0.89
 0.47 0.91
 1.81 1.99
 4.66 4.24
 3.02 1.39
 0.96 1.10
 0.64 0.56
 1.41 1.30
 1.20 1.12
 0.38 0.26
 2.35 1.89
 1.36 0.76
 2.35 1.81
 1.58 1.44
 2.50 1.80
 0.23 0.22
 1.74 1.06
 0.89 0.87
 2.23 1.69
 0.83 0.94
 4.82 3.44
 1.03 0.93
 0.84 1.16
 5.38 2.51
 1.08 0.56
 1.69 2.05
 0.30 0.55
 2.84 2.10
 0.86 1.17
 1.64 1.09
 1.43 0.80
 1.77 1.34
 1.00 0.53
 0.31 0.72
 0.32 1.15
 0.33 0.27
 3.04 2.51
 0.21 -0.06
 1.49 0.84
 2.62 1.42
 2.97 3.69
 0.24 0.39
 1.04 0.58
 1.77 1.95
 0.28 -1.17
 2.35 1.72
 1.85 0.92
 3.18 2.53
 0.26 0.60
 1.32 1.15
 0.57 3.42
 1.56 1.82
 0.53 0.59
 2.21 2.26
 1.84 1.16
 0.59 0.14
 1.45 1.57
 0.90 0.82
 2.23 1.52
 1.58 1.53
 2.16 3.42
 2.12 1.31
 3.05 1.83
 0.29 0.25
 0.68 0.65
 3.30 2.15
 1.36 0.93
 2.69 1.77
 0.36 0.65
 2.16 0.97
 2.05 1.03
 0.91 0.91
 1.73 1.25
 0.28 0.21
 0.23 0.79
 0.88 1.40
 2.18 2.08
 3.30 2.94
 1.86 1.76
 1.57 1.97
 1.73 1.32
 4.38 3.36
 2.88 2.11
 0.73 0.85
 0.66 1.10
 1.13 -4.38
 0.89 0.60
 0.72 1.01
 1.34 1.79
 5.39 3.90
 2.32 1.39
 2.64 3.07
 3.88 2.29
 2.81 2.46
 2.72 1.46
 0.57 1.30
 1.71 2.19
 0.92 1.23
 0.37 0.17
 0.88 1.55
 0.85 0.55
 0.93 0.71
 2.83 2.38
 2.23 1.83
 3.29 2.43
 0.96 0.73
 1.73 0.94
 0.61 0.88
 1.36 1.30
 0.72 0.55
 0.33 0.17
 0.57 0.51
 1.78 2.26
 1.88 1.21
 1.02 0.75
 1.05 1.18
 1.86 1.24
 2.16 1.77
 3.14 3.86
 1.71 1.13
 0.16 0.09
 1.05 2.24
 2.69 2.57
 0.40 0.69
 1.60 1.62
 2.33 1.12
 2.27 1.21
 0.90 0.80
 0.95 1.79
 0.56 0.44
 5.52 3.37
 1.87 2.15
 4.71 4.74
 2.83 2.34
 0.91 1.34
 1.30 2.02
 1.65 1.14
 0.46 0.41
 0.73 1.31
 1.12 1.36
 1.70 1.83
 2.79 2.72
 1.08 0.94
 0.70 1.48
 1.00 1.17
 2.44 1.95
 1.65 1.78
 0.35 1.65
 0.25 1.55
 3.80 2.63
 0.93 1.16
 0.86 0.88
 0.97 0.95
 0.75 0.91
 0.96 1.07
 3.19 2.85
 1.62 2.47
 1.28 0.93
 2.42 1.72
 3.81 3.08
 0.39 0.72
 3.47 2.20
 3.50 1.73
 0.46 0.80
 0.60 -0.43
 2.91 1.87
 3.30 3.56
 2.94 2.66
 2.43 3.34
 1.28 1.04
 1.77 1.79
 1.60 1.39
 1.20 1.62
 0.81 0.85
 1.94 1.52
 1.65 1.50
 0.30 0.64
 0.50 1.27
 2.33 2.30
 1.24 1.38
 2.30 1.71
 1.79 2.17
 0.55 2.47
 1.90 1.96
 0.08 0.32
 0.80 0.80
 0.64 1.28
 1.61 0.87
 1.59 1.39
 1.20 0.85
 1.59 1.51
 2.38 1.80
 0.37 1.50
 1.52 0.77
 1.09 0.64
 0.11 0.63
 1.27 1.33
 1.24 1.21
 3.37 5.04
 0.77 0.55
 1.17 1.14
 1.80 1.83
 0.56 0.82
 1.73 2.86
 4.32 2.84
 0.53 0.64
 1.75 1.76
 1.92 2.04
 0.55 0.88
 0.49 0.76
 0.76 1.15
 1.30 -0.40
 0.87 1.12
 0.25 1.48
 3.29 3.56
 1.57 0.56
 1.31 1.29
 2.47 2.14
 0.12 0.23
 0.65 0.92
 1.52 1.23
 1.16 0.72
 1.16 0.80
 0.96 0.85
 1.85 2.06
 4.31 3.17
 1.50 1.50
 1.39 1.49
 1.93 1.14
 1.09 1.21
 3.04 3.47
 4.27 3.60
 0.72 0.36
 1.43 1.63
 1.58 2.71
 1.40 1.70
 0.70 1.48
 0.22 1.25
 1.42 0.64
 1.22 1.28
 0.60 0.46
 0.94 0.89
 2.03 1.29
 2.60 1.84
 2.23 1.83
 0.53 0.63
 1.48 1.13
 1.06 0.83
 2.30 2.36
 1.06 1.02
 1.50 1.12
 1.24 1.67
 1.90 2.41
 0.09 0.97
 0.77 0.49
 0.80 0.54
 1.62 1.05
 1.21 0.80
 0.29 0.85
 2.64 2.05
 0.23 0.28
 3.84 4.05
 1.29 1.39
 1.48 1.50
 1.49 0.81
 0.75 1.39
 0.88 1.46
 0.58 1.55
 2.42 1.79
 3.63 2.83
 1.50 0.83
 0.79 1.98
 1.53 0.89
 1.06 0.78
 0.78 1.53
 0.68 2.19
 1.25 0.74
 0.38 0.73
 0.77 1.37
 0.45 1.38
 2.00 2.60
 2.25 1.85
 0.54 0.53
 1.48 1.11
 1.22 1.09
 0.13 -0.34
 0.66 1.46
 2.05 1.57
 0.26 0.85
 1.02 1.58
 0.40 0.56
 0.88 0.69
 0.74 -0.14
 3.47 3.28
 0.61 1.18
 2.37 2.79
 0.53 0.62
 0.55 0.79
 1.15 1.21
 0.75 0.69
 2.70 1.49
 0.71 0.80
 2.71 3.03
 1.90 1.90
 1.78 2.13
 1.64 0.75
 0.58 1.63
 1.55 1.31
 1.10 0.81
 0.74 0.49
 3.48 0.10
 1.25 1.09
 0.19 0.77
 0.73 0.44
 4.98 3.31
 1.80 1.22
 2.34 1.82
 0.46 0.05
 2.24 1.40
 0.78 1.24
 1.12 0.75
 0.37 0.64
 0.54 1.21
 0.71 0.58
 1.78 2.06
 0.99 1.51
 2.64 1.87
 1.54 1.02
 1.21 1.25
 0.36 0.90
 0.49 0.97
 1.33 1.23
 0.70 2.44
 2.04 2.96
 2.25 1.46
 2.91 1.95
 0.41 1.18
 0.39 0.68
 2.11 2.56
 2.48 1.64
 3.05 2.36
 2.36 2.49
 0.75 0.63
 1.89 1.52
 1.86 1.27
 0.33 0.46
 0.72 1.10
 0.60 1.04
 0.59 0.46
 3.56 2.57
 0.89 1.30
 1.52 1.46
 0.73 0.93
 0.71 1.98
 0.31 0.69
 2.54 2.61
 0.94 2.81
 0.71 0.55
 5.10 1.87
 1.08 1.09
 2.81 2.27
 1.03 1.29
 1.29 1.17
 1.58 1.30
 1.35 3.20
 0.10 8.00
 5.65 3.71
 1.25 3.45
 2.26 1.82
 0.92 1.54
 2.24 2.72
 2.34 3.64
 0.69 0.86
 0.92 0.79
 0.66 0.69
 2.32 1.40
 2.58 1.44
 0.90 0.82
 1.10 -4.76
 0.81 0.78
 1.22 1.08
 2.50 1.43
 0.57 1.47
 2.71 2.05
 0.36 1.18
 0.13 0.52
 0.67 2.18
 1.12 0.88
 3.31 3.38
 1.06 1.17
 0.41 1.75
 4.46 3.54
 1.44 1.78
 1.58 2.61
 1.21 1.19
 1.96 1.51
 1.32 1.49
 2.74 2.43
 0.53 0.22
 0.71 0.93
 0.35 0.98
 1.48 1.22
 1.96 1.74
 5.15 2.64
 3.60 3.08
 2.56 3.40
 0.92 1.19
 2.20 2.75
 1.08 1.51
 0.43 0.73
 2.73 2.39
 1.07 0.62
 0.18 0.90
 0.97 0.84
 0.48 0.79
 0.79 2.19
 0.80 1.24
 1.12 1.00
 1.42 0.89
 2.81 4.64
 2.71 2.05
 1.41 3.91
 2.15 1.70
 0.83 0.39
 1.18 0.61
 2.68 1.68
 0.18 0.66
 0.17 -0.12
 0.38 1.37
 4.02 3.57
 4.22 2.30
 3.51 2.24
 1.16 1.08
 0.09 0.42
 0.87 3.23
 0.64 1.14
 1.86 1.47
 0.45 0.73
 0.68 1.33
 0.53 0.75
 0.19 0.19
 3.50 3.34
 0.28 1.17
 2.30 2.23
 2.01 1.65
 5.74 4.53
 0.36 0.90
 2.51 3.81
 4.70 3.43
 0.70 0.21
 0.34 0.49
 2.36 1.83
 1.62 0.95
 1.38 0.92
 2.91 2.63
 1.74 1.12
 0.91 0.96
 2.93 4.94
 2.21 1.82
 3.16 4.11
 0.74 1.13
 0.58 0.51
 1.47 1.18
 1.25 2.14
 0.73 0.89
 1.24 2.05
 0.35 0.47
 1.07 3.36
 0.89 0.87
 0.77 1.74
 0.95 0.36
 1.08 0.56
 2.03 1.50
 3.31 2.49
 0.81 1.59
 6.44 3.53
 1.34 0.96
 0.80 0.60
 0.13 0.23
 1.59 2.02
 2.78 1.83
 0.46 0.52
 0.22 0.13
 2.90 3.28
 0.98 1.00
 2.21 1.61
 0.81 1.12
 2.14 1.80
 1.81 1.65
 1.74 1.44
 0.40 0.69
 2.81 2.87
 1.98 2.10
 0.37 0.91
 1.60 1.06
 2.63 2.83
 2.98 2.12
 5.39 4.40
 0.49 0.77
 3.49 3.31
 0.26 0.70
 0.32 0.44
 0.50 0.47
 0.75 1.01
 0.53 1.35
 0.20 0.94
 2.67 2.72
 0.31 0.98
 2.58 2.19
 1.76 1.71
 2.48 2.84
 2.74 2.17
 2.45 2.97
 1.16 1.58
 0.50 0.41
 1.99 1.94
 2.74 3.79
 0.80 0.97
 1.03 0.71
 0.67 0.90
 0.46 1.57
 2.28 1.31
 1.11 1.22
 0.41 1.16
 0.58 0.51
 0.87 1.27
 0.47 1.81
 0.32 -0.12
 1.15 0.93
 0.66 0.87
 3.56 2.19
 0.32 0.81
 2.90 1.96
 3.04 2.50
 1.91 1.60
 1.93 1.62
 0.92 1.10
 0.70 1.16
 0.69 0.38
 0.08 -0.79
 0.47 0.39
 2.94 2.17
 0.41 0.89
 0.03 1.23
 0.33 0.60
 0.85 2.28
 0.73 1.11
 2.55 1.23
 1.09 0.97
 3.87 3.03
 0.45 0.45
 2.00 1.29
 0.83 1.11
 2.90 2.03
 0.05 0.04
 6.32 4.05
 0.26 1.41
 0.52 1.11
 2.43 2.08
 1.00 1.47
 0.94 0.78
 0.25 0.52
 0.78 0.47
 2.30 3.18
 1.10 0.60
 1.41 0.88
 0.99 1.03
 2.52 2.31
 0.49 0.74
 2.57 2.30
 0.78 4.20
 1.23 1.12
 0.17 1.24
 2.14 1.40
 1.79 1.58
 2.42 2.15
 0.87 0.94
 3.39 2.63
 3.73 3.91
 1.30 1.17
 2.73 2.82
 2.59 3.63
 0.63 1.36
 1.45 1.93
 0.80 1.50
 2.50 1.75
 1.96 1.56
 0.55 0.88
 1.01 1.25
 2.55 2.33
 0.30 0.61
 1.70 1.29
 0.91 1.05
 1.66 1.46
 2.31 2.63
 1.04 1.76
 0.96 0.65
 6.81 3.93
 0.40 0.38
 1.13 1.33
 0.93 0.68
 0.75 0.78
 0.81 0.76
 3.63 3.10
 0.81 0.91
 4.22 2.89
 0.20 1.06
 2.51 1.09
 0.47 1.67
 1.90 1.75
 0.49 0.64
 0.51 0.61
 0.22 0.31
