 0.87 0.87
 3.18 3.20
 0.65 0.65
 1.09 1.11
 1.28 1.28
 1.00 1.01
 0.38 0.37
 0.72 0.72
 1.01 1.02
 0.29 0.31
 1.58 1.59
 0.56 0.55
 1.07 1.08
 1.92 1.91
 0.73 0.73
 0.43 0.42
 0.86 0.87
 0.79 0.80
 1.00 1.00
 2.40 2.39
 1.52 1.52
 2.31 2.30
 0.30 0.29
 0.09 0.11
 5.58 5.62
 1.04 1.06
 1.57 1.57
 0.70 0.71
 0.33 0.32
 1.97 1.97
 4.98 4.99
 1.17 1.18
 0.76 0.76
 0.36 0.35
 3.01 3.03
 1.29 1.28
 2.02 2.01
 0.78 0.77
 0.45 0.45
 0.38 0.36
 0.36 0.36
 1.88 1.87
 0.71 0.70
 1.89 1.89
 2.04 2.03
 1.62 1.62
 3.79 3.78
 1.46 1.46
 1.01 1.02
 2.27 2.26
 0.67 0.66
 2.21 2.21
 0.53 0.53
 0.87 0.87
 1.00 1.00
 1.44 1.43
 1.48 1.48
 2.99 2.99
 1.82 1.81
 1.09 1.10
 1.75 1.74
 1.49 1.48
 2.36 2.36
 0.70 0.70
 0.42 0.42
 0.53 0.52
 0.29 0.28
 2.79 2.78
 3.92 3.92
 0.25 0.25
 1.94 1.93
 1.91 1.91
 2.16 2.14
 0.46 0.45
 2.05 2.05
 0.39 0.39
 1.28 1.28
 1.42 1.41
 0.75 0.74
 1.15 1.14
 0.99 1.00
 1.96 1.98
 0.60 0.59
 1.02 1.02
 1.27 1.27
 0.73 0.73
 0.82 0.82
 0.59 0.58
 2.15 2.14
 1.09 1.10
 2.08 2.07
 0.70 0.70
 1.07 1.07
 0.71 0.70
 0.25 0.25
 3.38 3.39
 1.85 1.85
 0.63 0.62
 0.21 0.22
 0.94 0.95
 0.63 0.62
 1.71 1.70
 0.44 0.43
 0.57 0.56
 0.47 0.47
 1.48 1.49
 0.76 0.76
 0.43 0.42
 6.68 6.61
 3.81 3.82
 0.82 0.83
 0.42 0.42
 2.54 2.52
 1.03 1.04
 0.51 0.50
 0.77 0.77
 1.15 1.15
 3.34 3.34
 0.02 0.06
 1.19 1.20
 1.34 1.34
 2.69 2.70
 2.93 2.92
 0.01 0.07
 1.09 1.10
 0.20 0.22
 0.94 0.95
 0.70 0.70
 1.71 1.72
 3.96 3.98
 0.69 0.69
 1.77 1.77
 0.39 0.38
 1.89 1.88
 1.08 1.09
 2.52 2.53
 0.82 0.82
 1.25 1.26
 3.41 3.41
 1.61 1.61
 2.33 2.32
 0.90 0.88
 2.29 2.28
 0.90 0.90
 2.75 2.76
 0.39 0.38
 0.92 0.91
 0.52 0.51
 1.57 1.57
 0.13 0.15
 0.10 0.12
 1.36 1.37
 0.97 0.97
 1.01 1.02
 0.69 0.69
 1.10 1.10
 2.60 2.60
 1.06 1.08
 0.66 0.66
 0.92 0.92
 0.94 0.94
 1.02 1.00
 0.82 0.82
 0.43 0.43
 3.61 3.59
 0.51 0.50
 0.75 0.75
 1.22 1.22
 0.75 0.76
 0.56 0.56
 2.59 2.58
 4.99 5.02
 2.15 2.15
 1.20 1.20
 1.92 1.92
 0.54 0.53
 1.25 1.26
 0.17 0.20
 2.85 2.85
 0.13 0.14
 1.08 1.03
 0.80 0.78
 1.15 1.16
 1.16 1.17
 0.73 0.73
 2.22 2.22
 1.52 1.54
 1.20 1.22
 0.59 0.58
 0.19 0.20
 0.56 0.55
 0.46 0.45
 0.31 0.30
 0.46 0.45
 0.43 0.43
 0.08 0.10
 0.22 0.25
 1.56 1.56
 3.56 3.56
 1.73 1.70
 1.24 1.26
 2.71 2.71
 0.38 0.37
 0.49 0.48
 0.98 0.99
 2.95 2.96
 0.68 0.68
 2.48 2.47
 0.29 0.29
 1.35 1.35
 2.16 2.14
 0.58 0.57
 4.29 4.28
 1.85 1.83
 0.83 0.83
 0.28 0.28
 1.78 1.78
 0.25 0.25
 3.70 3.72
 3.16 3.16
 1.28 1.29
 0.51 0.51
 0.18 0.19
 0.19 0.21
 0.64 0.63
 1.00 1.01
 5.22 5.26
 1.55 1.56
 0.83 0.83
 0.97 0.98
 4.12 4.12
 0.26 0.24
 0.60 0.59
 0.29 0.29
 2.84 2.83
 0.98 0.98
 2.16 2.14
 2.02 2.01
 0.23 0.24
 1.08 1.09
 0.03 0.07
 0.61 0.62
 0.19 0.21
 0.93 0.93
 0.51 0.50
 1.02 1.01
 1.43 1.45
 3.27 3.25
 0.49 0.49
 0.35 0.34
 0.90 0.90
 2.76 2.76
 1.72 1.71
 0.37 0.36
 0.75 0.73
 0.68 0.67
 0.44 0.44
 0.33 0.33
 0.46 0.45
 1.30 1.32
 1.20 1.22
 0.97 0.97
 0.20 0.20
 0.18 0.19
 1.13 1.14
 0.91 0.92
 3.94 3.94
 6.52 6.47
 1.35 1.35
 0.25 0.25
 0.26 0.25
 0.41 0.41
 4.13 4.14
 0.13 0.14
 0.21 0.23
 2.34 2.34
 2.03 2.01
 4.88 4.91
 3.46 3.47
 0.28 0.28
 0.15 0.16
 0.31 0.30
 0.52 0.55
 1.60 1.63
 3.16 3.18
 1.10 1.10
 0.30 0.29
 2.27 2.28
 1.27 1.27
 1.07 1.07
 0.02 0.07
 3.10 3.11
 1.58 1.58
 0.31 0.30
 2.06 2.06
 1.77 1.77
 2.95 2.94
 0.44 0.43
 2.51 2.51
 0.82 0.82
 0.88 0.89
 3.28 3.29
 0.74 0.74
 0.38 0.37
 0.58 0.57
 0.91 0.92
 2.06 2.05
 1.05 1.06
 0.91 0.91
 1.30 1.32
 0.83 0.83
 3.32 3.33
 0.24 0.24
 0.59 0.58
 0.27 0.26
 1.68 1.68
 3.39 3.39
 0.67 0.67
 0.66 0.66
 2.24 2.24
 2.19 2.17
 2.72 2.74
 2.16 2.15
 0.61 0.61
 0.59 0.58
 0.35 0.34
 0.70 0.70
 2.59 2.59
 0.37 0.36
 1.41 1.41
 2.09 2.07
 0.76 0.76
 0.65 0.65
 1.10 1.11
 2.44 2.43
 2.89 2.90
 1.76 1.76
 1.81 1.82
 1.34 1.34
 2.75 2.75
 1.85 1.85
 0.70 0.70
 1.54 1.56
 4.85 4.82
 0.82 0.83
 1.02 1.03
 0.46 0.44
 1.11 1.11
 1.12 1.12
 1.34 1.36
 0.26 0.27
 0.71 0.71
 4.42 4.42
 1.00 1.01
 1.56 1.57
 0.77 0.77
 0.12 0.14
 0.49 0.48
 0.24 0.24
 0.68 0.68
 0.39 0.39
 0.93 0.94
 1.33 1.33
 2.58 2.57
 0.91 0.92
 1.44 1.45
 0.77 0.77
 0.80 0.80
 0.90 0.91
 0.79 0.79
 1.02 1.04
 0.51 0.50
 1.10 1.12
 1.48 1.48
 0.36 0.36
 1.29 1.29
 1.87 1.87
 1.05 1.07
 4.29 4.29
 0.96 0.96
 1.68 1.68
 0.73 0.72
 0.53 0.52
 0.64 0.63
 0.52 0.51
 0.26 0.27
 0.47 0.47
 0.37 0.36
 0.09 0.12
 0.45 0.43
 3.25 3.27
 2.19 2.18
 0.72 0.72
 3.98 3.97
 1.63 1.62
 0.48 0.46
 0.22 0.23
 0.76 0.76
 2.46 2.47
 0.59 0.58
 1.15 1.16
 3.15 3.16
 0.08 0.10
 0.39 0.38
 4.46 4.45
 2.17 2.16
 0.77 0.76
 1.03 1.04
 0.12 0.13
 3.28 3.29
 1.09 1.10
 1.08 1.09
 1.29 1.29
 6.78 6.45
 5.00 5.01
 0.10 0.12
 0.60 0.60
 1.16 1.15
 0.67 0.66
 1.45 1.45
 0.40 0.39
 0.65 0.64
 0.80 0.81
 3.83 3.81
 0.80 0.81
 2.88 2.89
 0.38 0.38
 2.60 2.60
 0.21 0.22
 2.97 2.98
 0.83 0.83
 3.26 3.25
 0.62 0.61
 1.81 1.80
 0.77 0.76
 3.50 3.51
 0.37 0.36
 0.69 0.69
 2.22 2.21
 0.95 0.96
 1.25 1.26
 0.56 0.56
 0.91 0.92
 1.13 1.14
 1.09 1.10
 1.15 1.15
 0.37 0.37
 0.96 0.97
 0.69 0.68
 0.43 0.42
 2.22 2.21
 1.28 1.30
 1.06 1.06
 1.68 1.68
 1.97 1.95
 3.15 3.15
 0.52 0.51
 1.26 1.26
 1.24 1.24
 1.16 1.17
 0.88 0.89
 2.56 2.57
 1.59 1.58
 1.79 1.77
 0.42 0.42
 0.92 0.93
 0.79 0.79
 0.50 0.49
 3.84 3.83
 1.45 1.45
 1.41 1.42
 0.21 0.20
 2.12 2.10
 1.51 1.52
 0.72 0.73
 0.21 0.22
 2.20 2.19
 0.81 0.82
 1.70 1.71
 1.18 1.19
 2.47 2.47
 3.01 3.01
 0.91 0.92
 0.93 0.94
 2.76 2.75
 0.17 0.19
 0.89 0.89
 1.36 1.37
 1.43 1.44
 0.56 0.56
 3.03 3.06
 1.61 1.60
 0.55 0.54
 2.28 2.27
 0.41 0.40
 0.39 0.38
 0.23 0.24
 0.69 0.68
 2.56 2.57
 4.84 4.86
 3.17 3.17
 0.57 0.56
 2.30 2.29
 2.18 2.17
 0.33 0.37
 0.60 0.59
 3.12 3.12
 0.16 0.17
 0.80 0.80
 0.69 0.68
 0.24 0.23
 1.42 1.43
 1.46 1.47
 0.26 0.27
 1.10 1.11
 1.29 1.30
 0.30 0.28
 1.41 1.41
 2.18 2.19
 2.76 2.76
 0.72 0.71
 5.48 5.51
 1.47 1.48
 0.96 0.97
 1.33 1.34
 3.12 3.11
 1.24 1.25
 0.85 0.85
 1.14 1.14
 2.69 2.71
 0.60 0.59
 0.88 0.89
 0.27 0.26
 3.77 3.73
 0.94 0.94
 1.24 1.25
 2.11 2.12
 1.18 1.20
 3.31 3.32
 0.50 0.49
 1.16 1.17
 2.10 2.09
 1.41 1.41
 0.79 0.78
 0.18 0.19
 0.56 0.56
 3.18 3.20
 1.11 1.11
 1.60 1.59
 1.03 1.04
 1.51 1.52
 1.69 1.68
 0.47 0.46
 0.31 0.31
 1.62 1.61
 0.08 0.10
 0.67 0.67
 0.46 0.45
 2.65 2.66
 2.26 2.27
 1.24 1.26
 4.42 4.44
 1.48 1.47
 0.49 0.48
 2.98 2.97
 0.63 0.63
 0.50 0.49
 0.77 0.78
 2.19 2.18
 2.07 2.07
 3.31 3.30
 0.23 0.23
 0.67 0.67
 2.38 2.39
 1.57 1.59
 0.29 0.29
 0.93 0.93
 1.98 1.97
 3.35 3.35
 1.04 1.06
 0.47 0.46
 3.34 3.36
 2.51 2.50
 0.48 0.47
 0.52 0.51
 0.47 0.46
 0.91 0.91
 0.16 0.18
 0.19 0.20
 4.85 4.85
 4.99 5.00
 3.94 3.94
 0.75 0.75
 2.67 2.68
 0.37 0.37
 2.46 2.46
 2.84 2.84
 2.81 2.81
 3.31 3.33
 0.42 0.41
 1.34 1.34
 2.30 2.29
 4.03 4.01
 0.77 0.77
 0.73 0.72
 3.12 3.12
 0.69 0.68
 1.56 1.55
 1.50 1.52
 1.24 1.25
 2.29 2.29
 0.06 0.09
 1.24 1.24
 1.98 1.98
 0.36 0.35
 0.94 0.94
 0.39 0.38
 2.15 2.14
 0.72 0.72
 1.60 1.59
 0.52 0.51
 2.37 2.38
 1.05 1.05
 1.61 1.63
 3.61 3.59
 1.56 1.58
 0.68 0.67
 0.83 0.83
 3.57 3.56
 0.30 0.30
 1.20 1.21
 4.20 4.20
 5.24 5.36
 0.34 0.34
 0.46 0.46
 4.07 4.02
 1.00 1.01
 3.17 3.18
 3.82 3.81
 1.17 1.17
 0.68 0.67
 3.86 3.86
 0.46 0.45
 0.42 0.42
 1.28 1.28
 1.26 1.26
 2.51 2.51
 0.01 0.05
 0.60 0.60
 0.19 0.20
 1.33 1.34
 2.34 2.33
 1.49 1.49
 2.20 2.20
 4.98 5.01
 2.15 2.15
 0.94 0.94
 0.89 0.88
 1.69 1.71
 0.40 0.40
 0.45 0.44
 3.32 3.32
 0.58 0.57
 0.84 0.84
 1.17 1.18
 0.58 0.57
 0.54 0.52
 0.92 0.93
 0.70 0.69
 1.81 1.80
 3.80 3.80
 1.71 1.70
 4.46 4.47
 1.27 1.27
 1.28 1.28
 2.48 2.47
 0.71 0.70
 0.13 0.15
 0.23 0.24
 1.16 1.17
 0.82 0.81
 1.27 1.28
 0.96 0.96
 0.88 0.88
 0.92 0.92
 1.23 1.23
 0.37 0.36
 2.26 2.27
 0.49 0.48
 0.88 0.89
 1.59 1.59
 2.75 2.77
 0.96 0.96
 1.27 1.29
 1.09 1.11
 0.53 0.52
 0.37 0.36
 0.88 0.88
 0.90 0.89
 0.49 0.48
 2.20 2.20
 0.65 0.65
 0.50 0.48
 1.32 1.32
 3.02 3.03
 0.94 0.95
 1.30 1.30
 2.02 2.04
 1.93 1.93
 0.91 0.89
 0.45 0.44
 0.28 0.29
 4.81 4.83
 2.27 2.27
 1.10 1.12
 1.33 1.33
 0.95 0.95
 1.76 1.76
 0.58 0.57
 0.92 0.93
 0.79 0.79
 1.78 1.77
 1.10 1.11
 1.60 1.59
 2.70 2.70
 0.27 0.27
 1.57 1.57
 0.55 0.56
 0.43 0.43
 1.23 1.23
 3.81 3.81
 0.27 0.27
 1.44 1.46
 0.21 0.24
 1.68 1.67
 0.48 0.47
 1.57 1.57
 2.12 2.11
 0.62 0.61
 2.45 2.44
 1.10 1.11
 2.95 2.96
 3.63 3.63
 1.54 1.54
 0.27 0.28
 2.36 2.37
 2.10 2.09
 0.95 0.96
 1.13 1.14
 1.65 1.66
 2.68 2.68
 0.92 0.93
 1.46 1.47
 2.06 2.05
 3.33 3.34
 1.54 1.54
 3.09 3.11
 1.86 1.86
 1.83 1.82
 0.62 0.62
 1.99 1.98
 1.74 1.74
 0.33 0.34
 0.62 0.62
 0.42 0.41
 2.80 2.80
 1.77 1.78
 0.25 0.25
 1.68 1.67
 1.65 1.66
 5.12 5.15
 2.60 2.61
 1.46 1.47
 4.46 4.47
 0.77 0.78
 1.05 1.06
 0.18 0.19
 1.94 1.91
 1.09 1.10
 0.37 0.37
 0.87 0.87
 0.75 0.75
 1.86 1.85
 0.35 0.34
 1.02 1.02
 4.94 4.91
 2.22 2.21
 1.06 1.06
 0.70 0.68
 1.00 1.02
 0.42 0.42
 0.20 0.23
 0.07 0.10
 1.11 1.12
 2.35 2.37
 1.36 1.36
 3.01 3.03
 0.92 0.92
 3.86 3.86
 1.26 1.27
 1.10 1.11
 0.86 0.86
 0.43 0.42
 2.26 2.23
 1.72 1.71
 3.52 3.54
 1.96 1.96
 0.94 0.95
 0.68 0.68
 0.44 0.43
 0.48 0.47
 3.03 3.04
 3.59 3.57
 1.08 1.10
 2.33 2.32
 0.79 0.80
 0.02 0.06
 1.89 1.90
 0.58 0.58
 0.18 0.18
 2.13 2.11
 0.94 0.95
 0.29 0.28
 1.01 1.02
 0.81 0.81
 1.86 1.84
 1.01 1.02
 0.67 0.67
 0.70 0.70
 0.70 0.70
 1.29 1.30
 2.05 2.04
 2.66 2.67
 0.04 0.07
 2.07 2.05
 1.46 1.46
 0.91 0.92
 0.73 0.72
 1.62 1.63
 2.33 2.33
 0.75 0.75
 0.94 0.94
 0.32 0.32
 0.73 0.73
 0.48 0.47
 5.49 5.47
 0.49 0.47
 1.86 1.86
 0.77 0.76
 0.20 0.20
 2.73 2.72
 1.64 1.64
 2.62 2.59
 3.73 3.73
 0.92 0.93
 0.27 0.30
 2.76 2.76
 0.98 0.96
 1.53 1.53
 0.90 0.91
 2.85 2.86
 0.23 0.23
 1.43 1.42
 0.99 0.99
 2.20 2.20
 1.41 1.42
 1.07 1.07
 0.32 0.31
 0.50 0.49
 0.56 0.55
 0.50 0.49
 2.54 2.54
 1.48 1.50
 0.55 0.55
 0.90 0.90
 0.82 0.82
 0.27 0.27
 0.62 0.61
 1.20 1.20
 0.72 0.73
 1.17 1.18
 0.88 0.89
 3.89 3.88
 2.51 2.51
 0.11 0.13
 0.07 0.09
 0.68 0.68
 2.47 2.47
 0.28 0.27
 1.17 1.16
 1.98 1.97
 1.95 1.94
 3.05 3.07
 3.86 3.86
 0.55 0.54
 5.42 5.41
 1.38 1.40
 2.41 2.42
 0.75 0.74
 0.24 0.24
 0.29 0.28
 3.02 3.04
 2.40 2.40
 2.64 2.66
 3.06 3.09
 0.78 0.78
 0.70 0.69
 2.64 2.66
 1.74 1.73
 1.93 1.92
 1.09 1.09
 1.76 1.75
 1.43 1.43
 2.18 2.18
 2.81 2.81
 0.57 0.56
 0.10 0.12
 0.87 0.87
 0.51 0.50
 0.89 0.89
 1.27 1.28
 4.65 4.69
 1.65 1.65
 1.29 1.30
 2.70 2.72
 1.71 1.70
 1.22 1.23
 2.02 2.05
 3.44 3.42
 0.77 0.76
 4.82 4.81
 0.76 0.76
 2.28 2.28
 1.04 1.04
 0.53 0.53
 3.57 3.59
 2.24 2.23
 0.15 0.17
 0.33 0.33
 0.85 0.86
 1.91 1.90
 0.87 0.87
 0.75 0.75
 0.46 0.45
 0.28 0.28
 1.08 1.09
 2.08 2.07
 2.60 2.61
 0.41 0.40
 1.99 1.99
 0.28 0.28
 0.48 0.47
 1.16 1.17
 1.20 1.21
 2.75 2.74
 0.81 0.82
 0.36 0.35
 1.22 1.23
 0.64 0.65
 0.70 0.71
 2.87 2.89
 1.59 1.60
 1.57 1.58
 3.69 3.69
 1.57 1.56
 2.32 2.32
 0.32 0.32
 0.24 0.24
 1.38 1.39
 1.53 1.52
 2.40 2.40
 0.81 0.82
 1.28 1.28
 0.95 0.96
 3.17 3.20
 0.30 0.30
 1.18 1.19
 0.12 0.14
 0.45 0.45
 1.52 1.53
 3.35 3.34
 2.72 2.72
 0.97 0.98
 2.61 2.61
 0.95 0.95
 0.24 0.24
 1.81 1.80
 1.35 1.36
 0.21 0.22
 1.60 1.61
 0.78 0.78
 1.61 1.63
 0.92 0.93
 1.07 1.09
 2.74 2.73
 2.83 2.84
 1.36 1.36
 1.53 1.52
 0.19 0.20
 0.47 0.46
 0.12 0.13
 1.11 1.13
 0.64 0.63
 2.36 2.37
 2.76 2.77
 0.97 0.97
 0.43 0.43
 1.12 1.13
 0.63 0.62
 5.29 5.29
 0.37 0.36
 0.23 0.23
 2.92 2.93
 4.94 4.93
 0.30 0.29
 0.90 0.90
 0.16 0.17
 0.25 0.24
 2.13 2.12
 0.42 0.41
 0.63 0.63
 0.35 0.34
 1.43 1.44
 1.73 1.74
 1.68 1.68
 1.02 1.03
 0.50 0.49
 0.95 0.96
 0.97 0.98
 1.52 1.51
 0.95 0.95
 1.65 1.64
 2.11 2.11
 1.62 1.64
 1.33 1.33
 1.14 1.15
 0.88 0.88
 1.42 1.43
 1.52 1.52
 1.03 1.04
 2.43 2.43
 0.30 0.30
 0.67 0.65
 2.62 2.61
 1.71 1.71
 3.23 3.25
 1.40 1.40
 2.52 2.53
 0.55 0.54
 0.39 0.39
 1.84 1.82
 1.30 1.30
 0.84 0.85
 0.37 0.36
 3.54 3.55
 1.18 1.20
 0.66 0.66
 0.33 0.32
 3.78 3.77
 1.19 1.20
 2.44 2.45
 0.75 0.73
 0.69 0.68
 0.77 0.77
 0.53 0.52
 3.87 3.86
 2.14 2.13
 3.61 3.57
 1.63 1.61
 0.26 0.26
 0.60 0.59
 0.65 0.64
 0.90 0.90
 0.42 0.42
 1.08 1.11
 1.15 1.17
 0.50 0.49
 2.25 2.26
 0.69 0.68
 0.55 0.54
 1.25 1.25
 0.67 0.65
 1.00 1.01
 4.87 4.89
 1.15 1.15
 2.98 2.99
 1.29 1.29
 1.40 1.40
 1.11 1.12
 1.16 1.17
 1.06 1.07
 1.96 1.95
 1.12 1.12
 0.24 0.23
 6.32 6.64
 0.08 0.12
 0.44 0.44
 1.64 1.64
 4.51 4.50
 0.92 0.92
 0.24 0.20
 1.02 1.03
 1.37 1.37
 0.49 0.48
 1.13 1.15
 1.42 1.42
 0.73 0.73
 0.46 0.45
 1.15 1.15
 0.17 0.18
 1.86 1.86
 0.76 0.76
 0.16 0.17
 1.90 1.89
 0.91 0.91
 0.85 0.84
 0.18 0.19
 1.10 1.11
 2.80 2.81
 5.92 5.83
 0.55 0.55
 0.83 0.83
 0.66 0.64
 1.04 1.04
 2.59 2.58
 2.27 2.27
 0.97 0.98
 1.45 1.44
 1.21 1.23
 3.50 3.53
 1.14 1.15
 0.67 0.66
 0.37 0.36
 1.50 1.50
 1.96 1.96
 2.43 2.43
 1.89 1.89
 2.05 2.06
 0.80 0.79
 2.24 2.26
 1.64 1.65
 1.68 1.68
 1.52 1.51
 1.80 1.81
 1.40 1.40
 3.30 3.30
 1.58 1.57
 0.53 0.52
 0.71 0.70
 1.25 1.27
 1.02 1.03
 0.97 0.98
 1.36 1.38
 0.99 1.00
 0.57 0.56
 0.40 0.39
 3.78 3.78
 0.87 0.86
 6.83 6.43
 1.01 1.01
 1.94 1.93
 0.89 0.89
 0.88 0.88
 3.50 3.52
 0.35 0.34
 0.82 0.82
 2.61 2.63
 0.47 0.46
 1.39 1.39
 4.07 4.07
 3.61 3.53
 0.23 0.23
 0.52 0.51
 0.82 0.82
 0.53 0.52
 0.78 0.78
 3.05 3.10
 1.86 1.84
 1.95 1.94
 0.40 0.40
 2.32 2.32
 0.86 0.87
 0.53 0.52
 0.92 0.93
 1.02 1.03
 0.68 0.68
 0.99 1.00
 1.45 1.45
 0.79 0.80
 2.48 2.47
 0.58 0.58
 2.43 2.42
 0.29 0.29
 0.14 0.16
 0.72 0.72
 1.30 1.31
 0.49 0.48
 0.94 0.94
 0.42 0.42
 2.05 2.04
 0.64 0.65
 0.72 0.72
 0.18 0.19
 0.72 0.72
 0.44 0.44
 0.24 0.25
 1.50 1.51
 0.88 0.89
 1.28 1.29
 0.38 0.38
 0.48 0.47
 0.75 0.75
 0.41 0.40
 0.97 0.98
 1.25 1.27
 1.32 1.34
 1.45 1.47
 1.54 1.55
 0.47 0.46
 3.41 3.37
 1.05 1.06
 3.19 3.20
 2.66 2.65
 1.58 1.59
 3.37 3.38
 0.84 0.84
 3.80 3.74
 0.98 0.99
 0.71 0.71
 0.78 0.78
 2.14 2.14
 0.55 0.54
 0.80 0.80
 0.92 0.93
 3.01 3.01
 3.02 3.03
 3.28 3.27
 2.12 2.13
 5.39 5.42
 0.77 0.77
 0.55 0.54
 0.93 0.93
 0.51 0.50
 2.37 2.37
 0.61 0.60
 0.46 0.45
 2.75 2.76
 2.46 2.46
 0.79 0.80
 1.20 1.21
 0.45 0.44
 0.71 0.72
 2.37 2.37
 0.35 0.34
 0.59 0.58
 0.25 0.27
 0.39 0.38
 0.12 0.14
 0.71 0.71
 1.69 1.68
 4.08 4.07
 0.49 0.48
 0.76 0.75
 2.69 2.71
 3.52 3.53
 2.40 2.41
 3.15 3.15
 0.69 0.68
 3.82 3.83
 3.53 3.55
 0.80 0.80
 2.69 2.69
 2.00 1.99
 6.07 6.07
 4.11 4.11
 1.61 1.60
 1.00 1.01
 0.93 0.94
 1.48 1.49
 0.47 0.46
 0.82 0.83
 0.19 0.21
 2.51 2.51
 2.52 2.53
 2.81 2.81
 1.72 1.70
 1.23 1.23
 1.12 1.13
 2.89 2.92
 0.29 0.28
 0.08 0.12
 0.64 0.63
 0.91 0.92
 0.33 0.32
 2.34 2.33
 1.76 1.74
 0.58 0.57
 0.24 0.24
 0.83 0.84
 0.68 0.68
