 0.87 0.86
 3.18 3.15
 0.65 0.65
 1.09 1.04
 1.28 1.26
 1.00 1.00
 0.38 0.46
 0.72 0.68
 1.01 0.95
 0.29 0.39
 1.58 1.55
 0.56 0.54
 1.07 1.01
 1.92 1.95
 0.73 0.72
 0.43 0.42
 0.86 0.86
 0.79 0.79
 1.00 1.00
 2.40 2.43
 1.52 1.55
 2.31 2.35
 0.30 0.29
 0.09 0.16
 5.58 5.60
 1.04 0.99
 1.57 1.58
 0.70 0.70
 0.33 0.31
 1.97 1.91
 4.98 4.95
 1.17 1.15
 0.76 0.75
 0.36 0.38
 3.01 3.03
 1.29 1.23
 2.02 2.03
 0.78 0.73
 0.45 0.44
 0.38 0.40
 0.36 0.38
 1.88 1.88
 0.71 0.68
 1.89 1.88
 2.04 2.02
 1.62 1.61
 3.79 3.84
 1.46 1.48
 1.01 1.00
 2.27 2.27
 0.67 0.64
 2.21 2.21
 0.53 0.51
 0.87 0.82
 1.00 1.01
 1.44 1.49
 1.48 1.49
 2.99 3.01
 1.82 1.83
 1.09 1.04
 1.75 1.78
 1.49 1.51
 2.36 2.37
 0.70 0.68
 0.42 0.40
 0.53 0.52
 0.29 0.30
 2.79 2.81
 3.92 3.96
 0.25 0.30
 1.94 1.92
 1.91 1.88
 2.16 2.19
 0.46 0.47
 2.05 2.05
 0.39 0.41
 1.28 1.24
 1.42 1.42
 0.75 0.71
 1.15 1.08
 0.99 1.00
 1.96 1.91
 0.60 0.57
 1.02 1.02
 1.27 1.29
 0.73 0.68
 0.82 0.79
 0.59 0.57
 2.15 2.18
 1.09 1.04
 2.08 2.11
 0.70 0.65
 1.07 1.06
 0.71 0.67
 0.25 0.29
 3.38 3.38
 1.85 1.86
 0.63 0.62
 0.21 0.30
 0.94 0.95
 0.63 0.60
 1.71 1.77
 0.44 0.48
 0.57 0.55
 0.47 0.45
 1.48 1.51
 0.76 0.73
 0.43 0.45
 6.68 6.48
 3.81 3.79
 0.82 0.80
 0.42 0.44
 2.54 2.52
 1.03 1.04
 0.51 0.50
 0.77 0.71
 1.15 1.15
 3.34 3.36
 0.02 0.08
 1.19 1.13
 1.34 1.33
 2.69 2.69
 2.93 2.96
 0.01 0.21
 1.09 1.04
 0.20 0.33
 0.94 0.88
 0.70 0.67
 1.71 1.67
 3.96 3.95
 0.69 0.71
 1.77 1.79
 0.39 0.42
 1.89 1.91
 1.08 0.97
 2.52 2.53
 0.82 0.80
 1.25 1.25
 3.41 3.45
 1.61 1.63
 2.33 2.34
 0.90 0.81
 2.29 2.31
 0.90 0.89
 2.75 2.76
 0.39 0.39
 0.92 0.85
 0.52 0.50
 1.57 1.58
 0.13 0.14
 0.10 0.20
 1.36 1.35
 0.97 0.93
 1.01 1.00
 0.69 0.68
 1.10 1.03
 2.60 2.64
 1.06 1.02
 0.66 0.63
 0.92 0.88
 0.94 0.92
 1.02 0.97
 0.82 0.79
 0.43 0.52
 3.61 3.61
 0.51 0.52
 0.75 0.72
 1.22 1.22
 0.75 0.71
 0.56 0.55
 2.59 2.62
 4.99 5.00
 2.15 2.19
 1.20 1.19
 1.92 1.93
 0.54 0.53
 1.25 1.22
 0.17 0.31
 2.85 2.87
 0.13 0.12
 1.08 1.11
 0.80 0.77
 1.15 1.17
 1.16 1.18
 0.73 0.73
 2.22 2.26
 1.52 1.49
 1.20 1.13
 0.59 0.57
 0.19 0.19
 0.56 0.56
 0.46 0.45
 0.31 0.33
 0.46 0.47
 0.43 0.42
 0.08 0.14
 0.22 0.34
 1.56 1.56
 3.56 3.48
 1.73 1.73
 1.24 1.16
 2.71 2.75
 0.38 0.40
 0.49 0.49
 0.98 0.93
 2.95 2.96
 0.68 0.67
 2.48 2.51
 0.29 0.37
 1.35 1.38
 2.16 2.17
 0.58 0.57
 4.29 4.21
 1.85 1.89
 0.83 0.79
 0.28 0.34
 1.78 1.78
 0.25 0.30
 3.70 3.71
 3.16 3.21
 1.28 1.25
 0.51 0.51
 0.18 0.20
 0.19 0.33
 0.64 0.60
 1.00 0.99
 5.22 5.16
 1.55 1.56
 0.83 0.82
 0.97 0.92
 4.12 4.10
 0.26 0.24
 0.60 0.57
 0.29 0.38
 2.84 2.88
 0.98 0.90
 2.16 2.16
 2.02 2.03
 0.23 0.33
 1.08 1.07
 0.03 0.15
 0.61 0.60
 0.19 0.32
 0.93 0.90
 0.51 0.51
 1.02 0.99
 1.43 1.40
 3.27 3.27
 0.49 0.46
 0.35 0.35
 0.90 0.86
 2.76 2.80
 1.72 1.76
 0.37 0.36
 0.75 0.70
 0.68 0.65
 0.44 0.44
 0.33 0.34
 0.46 0.45
 1.30 1.24
 1.20 1.16
 0.97 0.96
 0.20 0.25
 0.18 0.27
 1.13 1.13
 0.91 0.89
 3.94 3.88
 6.52 6.51
 1.35 1.32
 0.25 0.24
 0.26 0.26
 0.41 0.48
 4.13 4.10
 0.13 0.20
 0.21 0.31
 2.34 2.32
 2.03 2.05
 4.88 4.85
 3.46 3.47
 0.28 0.30
 0.15 0.15
 0.31 0.33
 0.52 0.62
 1.60 1.56
 3.16 3.10
 1.10 1.10
 0.30 0.28
 2.27 2.29
 1.27 1.31
 1.07 1.03
 0.02 0.16
 3.10 3.06
 1.58 1.60
 0.31 0.28
 2.06 2.05
 1.77 1.79
 2.95 2.87
 0.44 0.44
 2.51 2.56
 0.82 0.81
 0.88 0.89
 3.28 3.18
 0.74 0.73
 0.38 0.31
 0.58 0.58
 0.91 0.87
 2.06 2.07
 1.05 1.09
 0.91 0.87
 1.30 1.20
 0.83 0.77
 3.32 3.32
 0.24 0.32
 0.59 0.56
 0.27 0.30
 1.68 1.71
 3.39 3.41
 0.67 0.65
 0.66 0.64
 2.24 2.24
 2.19 2.18
 2.72 2.72
 2.16 2.17
 0.61 0.58
 0.59 0.64
 0.35 0.35
 0.70 0.68
 2.59 2.62
 0.37 0.37
 1.41 1.40
 2.09 2.12
 0.76 0.74
 0.65 0.66
 1.10 1.10
 2.44 2.45
 2.89 2.87
 1.76 1.78
 1.81 1.79
 1.34 1.39
 2.75 2.80
 1.85 1.85
 0.70 0.66
 1.54 1.53
 4.85 4.76
 0.82 0.83
 1.02 0.98
 0.46 0.43
 1.11 1.09
 1.12 1.10
 1.34 1.30
 0.26 0.34
 0.71 0.67
 4.42 4.37
 1.00 0.95
 1.56 1.60
 0.77 0.80
 0.12 0.09
 0.49 0.47
 0.24 0.22
 0.68 0.63
 0.39 0.39
 0.93 0.87
 1.33 1.34
 2.58 2.60
 0.91 0.84
 1.44 1.37
 0.77 0.72
 0.80 0.80
 0.90 0.86
 0.79 0.76
 1.02 0.97
 0.51 0.51
 1.10 1.07
 1.48 1.51
 0.36 0.40
 1.29 1.28
 1.87 1.87
 1.05 1.00
 4.29 4.25
 0.96 0.93
 1.68 1.68
 0.73 0.68
 0.53 0.52
 0.64 0.64
 0.52 0.58
 0.26 0.31
 0.47 0.46
 0.37 0.35
 0.09 0.12
 0.45 0.43
 3.25 3.26
 2.19 2.24
 0.72 0.71
 3.98 4.01
 1.63 1.65
 0.48 0.46
 0.22 0.28
 0.76 0.74
 2.46 2.44
 0.59 0.57
 1.15 1.13
 3.15 3.16
 0.08 0.11
 0.39 0.37
 4.46 4.52
 2.17 2.20
 0.77 0.74
 1.03 1.00
 0.12 0.12
 3.28 3.30
 1.09 1.02
 1.08 1.07
 1.29 1.26
 6.78 6.75
 5.00 4.99
 0.10 0.14
 0.60 0.59
 1.16 1.03
 0.67 0.67
 1.45 1.47
 0.40 0.40
 0.65 0.66
 0.80 0.76
 3.83 3.75
 0.80 0.79
 2.88 2.86
 0.38 0.41
 2.60 2.58
 0.21 0.27
 2.97 3.00
 0.83 0.82
 3.26 3.18
 0.62 0.60
 1.81 1.81
 0.77 0.75
 3.50 3.47
 0.37 0.38
 0.69 0.67
 2.22 2.16
 0.95 0.95
 1.25 1.29
 0.56 0.54
 0.91 0.94
 1.13 1.13
 1.09 1.09
 1.15 1.14
 0.37 0.38
 0.96 0.97
 0.69 0.67
 0.43 0.45
 2.22 2.26
 1.28 1.23
 1.06 1.06
 1.68 1.66
 1.97 1.97
 3.15 3.16
 0.52 0.50
 1.26 1.25
 1.24 1.24
 1.16 1.11
 0.88 0.89
 2.56 2.51
 1.59 1.59
 1.79 1.81
 0.42 0.40
 0.92 0.94
 0.79 0.75
 0.50 0.50
 3.84 3.78
 1.45 1.47
 1.41 1.36
 0.21 0.23
 2.12 2.13
 1.51 1.52
 0.72 0.69
 0.21 0.21
 2.20 2.22
 0.81 0.81
 1.70 1.64
 1.18 1.18
 2.47 2.51
 3.01 3.02
 0.91 0.89
 0.93 0.93
 2.76 2.79
 0.17 0.25
 0.89 0.84
 1.36 1.37
 1.43 1.38
 0.56 0.56
 3.03 3.04
 1.61 1.61
 0.55 0.53
 2.28 2.31
 0.41 0.42
 0.39 0.38
 0.23 0.35
 0.69 0.65
 2.56 2.56
 4.84 4.80
 3.17 3.20
 0.57 0.56
 2.30 2.33
 2.18 2.21
 0.33 0.50
 0.60 0.59
 3.12 3.17
 0.16 0.18
 0.80 0.77
 0.69 0.65
 0.24 0.25
 1.42 1.45
 1.46 1.46
 0.26 0.32
 1.10 1.07
 1.29 1.27
 0.30 0.30
 1.41 1.40
 2.18 2.19
 2.76 2.79
 0.72 0.69
 5.48 5.43
 1.47 1.39
 0.96 0.94
 1.33 1.32
 3.12 3.26
 1.24 1.21
 0.85 0.81
 1.14 1.12
 2.69 2.69
 0.60 0.60
 0.88 0.84
 0.27 0.28
 3.77 3.78
 0.94 0.94
 1.24 1.18
 2.11 2.02
 1.18 1.14
 3.31 3.30
 0.50 0.50
 1.16 1.16
 2.10 2.07
 1.41 1.49
 0.79 0.75
 0.18 0.22
 0.56 0.56
 3.18 3.09
 1.11 1.10
 1.60 1.62
 1.03 0.97
 1.51 1.54
 1.69 1.73
 0.47 0.48
 0.31 0.38
 1.62 1.65
 0.08 0.08
 0.67 0.64
 0.46 0.47
 2.65 2.65
 2.26 2.26
 1.24 1.19
 4.42 4.38
 1.48 1.50
 0.49 0.60
 2.98 2.93
 0.63 0.61
 0.50 0.50
 0.77 0.75
 2.19 2.20
 2.07 2.07
 3.31 3.25
 0.23 0.27
 0.67 0.64
 2.38 2.39
 1.57 1.54
 0.29 0.34
 0.93 0.91
 1.98 2.01
 3.35 3.36
 1.04 1.05
 0.47 0.47
 3.34 3.25
 2.51 2.52
 0.48 0.47
 0.52 0.49
 0.47 0.57
 0.91 0.92
 0.16 0.18
 0.19 0.23
 4.85 4.82
 4.99 4.96
 3.94 3.95
 0.75 0.70
 2.67 2.71
 0.37 0.37
 2.46 2.45
 2.84 2.87
 2.81 2.84
 3.31 3.32
 0.42 0.40
 1.34 1.34
 2.30 2.33
 4.03 4.03
 0.77 0.74
 0.73 0.75
 3.12 3.16
 0.69 0.65
 1.56 1.56
 1.50 1.42
 1.24 1.28
 2.29 2.30
 0.06 0.05
 1.24 1.24
 1.98 2.02
 0.36 0.35
 0.94 0.92
 0.39 0.47
 2.15 2.09
 0.72 0.70
 1.60 1.61
 0.52 0.51
 2.37 2.38
 1.05 1.04
 1.61 1.63
 3.61 3.62
 1.56 1.60
 0.68 0.65
 0.83 0.83
 3.57 3.53
 0.30 0.32
 1.20 1.18
 4.20 4.19
 5.24 5.27
 0.34 0.33
 0.46 0.44
 4.07 4.04
 1.00 1.01
 3.17 3.17
 3.82 3.84
 1.17 1.15
 0.68 0.64
 3.86 3.83
 0.46 0.45
 0.42 0.49
 1.28 1.29
 1.26 1.26
 2.51 2.53
 0.01 0.03
 0.60 0.60
 0.19 0.27
 1.33 1.32
 2.34 2.34
 1.49 1.51
 2.20 2.20
 4.98 5.01
 2.15 2.12
 0.94 0.88
 0.89 0.81
 1.69 1.65
 0.40 0.39
 0.45 0.45
 3.32 3.32
 0.58 0.55
 0.84 0.80
 1.17 1.19
 0.58 0.57
 0.54 0.51
 0.92 0.93
 0.70 0.69
 1.81 1.84
 3.80 3.76
 1.71 1.75
 4.46 4.44
 1.27 1.25
 1.28 1.30
 2.48 2.52
 0.71 0.69
 0.13 0.26
 0.23 0.27
 1.16 1.09
 0.82 0.86
 1.27 1.30
 0.96 0.95
 0.88 0.87
 0.92 0.88
 1.23 1.22
 0.37 0.38
 2.26 2.25
 0.49 0.49
 0.88 0.88
 1.59 1.60
 2.75 2.71
 0.96 0.96
 1.27 1.32
 1.09 1.08
 0.53 0.52
 0.37 0.39
 0.88 0.86
 0.90 0.93
 0.49 0.49
 2.20 2.20
 0.65 0.68
 0.50 0.47
 1.32 1.32
 3.02 3.06
 0.94 0.93
 1.30 1.30
 2.02 1.98
 1.93 1.93
 0.91 0.88
 0.45 0.43
 0.28 0.34
 4.81 4.73
 2.27 2.26
 1.10 1.07
 1.33 1.31
 0.95 0.89
 1.76 1.78
 0.58 0.56
 0.92 0.93
 0.79 0.75
 1.78 1.81
 1.10 1.07
 1.60 1.63
 2.70 2.69
 0.27 0.27
 1.57 1.59
 0.55 0.56
 0.43 0.43
 1.23 1.25
 3.81 3.85
 0.27 0.33
 1.44 1.42
 0.21 0.36
 1.68 1.72
 0.48 0.47
 1.57 1.60
 2.12 2.15
 0.62 0.60
 2.45 2.48
 1.10 1.07
 2.95 2.97
 3.63 3.63
 1.54 1.54
 0.27 0.30
 2.36 2.33
 2.10 2.15
 0.95 0.91
 1.13 1.14
 1.65 1.62
 2.68 2.72
 0.92 0.89
 1.46 1.44
 2.06 2.10
 3.33 3.35
 1.54 1.52
 3.09 3.08
 1.86 1.87
 1.83 1.88
 0.62 0.62
 1.99 2.03
 1.74 1.76
 0.33 0.36
 0.62 0.62
 0.42 0.43
 2.80 2.82
 1.77 1.73
 0.25 0.26
 1.68 1.69
 1.65 1.66
 5.12 5.07
 2.60 2.56
 1.46 1.40
 4.46 4.44
 0.77 0.76
 1.05 1.01
 0.18 0.21
 1.94 1.88
 1.09 1.14
 0.37 0.44
 0.87 0.83
 0.75 0.71
 1.86 1.87
 0.35 0.35
 1.02 1.00
 4.94 4.89
 2.22 2.23
 1.06 1.02
 0.70 0.68
 1.00 0.97
 0.42 0.41
 0.20 0.33
 0.07 0.14
 1.11 1.12
 2.35 2.35
 1.36 1.37
 3.01 3.05
 0.92 0.88
 3.86 3.83
 1.26 1.18
 1.10 1.11
 0.86 0.82
 0.43 0.45
 2.26 2.32
 1.72 1.73
 3.52 3.49
 1.96 1.93
 0.94 0.95
 0.68 0.65
 0.44 0.43
 0.48 0.48
 3.03 3.07
 3.59 3.53
 1.08 1.01
 2.33 2.39
 0.79 0.76
 0.02 0.16
 1.89 1.89
 0.58 0.56
 0.18 0.19
 2.13 2.15
 0.94 0.89
 0.29 0.34
 1.01 1.01
 0.81 0.79
 1.86 1.86
 1.01 1.01
 0.67 0.62
 0.70 0.67
 0.70 0.67
 1.29 1.27
 2.05 2.11
 2.66 2.66
 0.04 0.12
 2.07 2.13
 1.46 1.47
 0.91 0.89
 0.73 0.70
 1.62 1.57
 2.33 2.35
 0.75 0.74
 0.94 0.94
 0.32 0.32
 0.73 0.73
 0.48 0.53
 5.49 5.45
 0.49 0.34
 1.86 1.88
 0.77 0.77
 0.20 0.18
 2.73 2.76
 1.64 1.66
 2.62 2.53
 3.73 3.73
 0.92 0.92
 0.27 0.41
 2.76 2.80
 0.98 0.90
 1.53 1.54
 0.90 0.90
 2.85 2.86
 0.23 0.31
 1.43 1.42
 0.99 0.98
 2.20 2.17
 1.41 1.45
 1.07 1.05
 0.32 0.33
 0.50 0.50
 0.56 0.56
 0.50 0.50
 2.54 2.54
 1.48 1.43
 0.55 0.53
 0.90 0.88
 0.82 0.80
 0.27 0.32
 0.62 0.60
 1.20 1.19
 0.72 0.69
 1.17 1.18
 0.88 0.90
 3.89 3.93
 2.51 2.57
 0.11 0.13
 0.07 0.12
 0.68 0.65
 2.47 2.50
 0.28 0.27
 1.17 1.02
 1.98 1.98
 1.95 1.97
 3.05 3.07
 3.86 3.78
 0.55 0.54
 5.42 5.42
 1.38 1.29
 2.41 2.45
 0.75 0.72
 0.24 0.28
 0.29 0.29
 3.02 2.94
 2.40 2.38
 2.64 2.65
 3.06 3.04
 0.78 0.73
 0.70 0.65
 2.64 2.63
 1.74 1.78
 1.93 1.95
 1.09 1.06
 1.76 1.73
 1.43 1.44
 2.18 2.23
 2.81 2.76
 0.57 0.55
 0.10 0.14
 0.87 0.86
 0.51 0.50
 0.89 0.87
 1.27 1.31
 4.65 4.65
 1.65 1.65
 1.29 1.26
 2.70 2.70
 1.71 1.73
 1.22 1.17
 2.02 1.97
 3.44 3.43
 0.77 0.75
 4.82 4.74
 0.76 0.73
 2.28 2.28
 1.04 0.96
 0.53 0.52
 3.57 3.54
 2.24 2.27
 0.15 0.23
 0.33 0.34
 0.85 0.83
 1.91 1.93
 0.87 0.84
 0.75 0.77
 0.46 0.44
 0.28 0.32
 1.08 0.99
 2.08 2.11
 2.60 2.60
 0.41 0.39
 1.99 1.99
 0.28 0.37
 0.48 0.45
 1.16 1.11
 1.20 1.22
 2.75 2.79
 0.81 0.81
 0.36 0.37
 1.22 1.19
 0.64 0.68
 0.70 0.69
 2.87 2.88
 1.59 1.55
 1.57 1.54
 3.69 3.72
 1.57 1.58
 2.32 2.31
 0.32 0.36
 0.24 0.27
 1.38 1.43
 1.53 1.56
 2.40 2.41
 0.81 0.82
 1.28 1.28
 0.95 0.90
 3.17 3.08
 0.30 0.31
 1.18 1.18
 0.12 0.14
 0.45 0.45
 1.52 1.52
 3.35 3.38
 2.72 2.75
 0.97 0.92
 2.61 2.65
 0.95 0.94
 0.24 0.26
 1.81 1.82
 1.35 1.34
 0.21 0.22
 1.60 1.52
 0.78 0.78
 1.61 1.54
 0.92 0.88
 1.07 1.00
 2.74 2.77
 2.83 2.84
 1.36 1.35
 1.53 1.52
 0.19 0.16
 0.47 0.45
 0.12 0.12
 1.11 1.04
 0.64 0.62
 2.36 2.34
 2.76 2.79
 0.97 0.90
 0.43 0.41
 1.12 1.14
 0.63 0.60
 5.29 5.27
 0.37 0.35
 0.23 0.18
 2.92 2.92
 4.94 5.00
 0.30 0.30
 0.90 0.90
 0.16 0.18
 0.25 0.23
 2.13 2.14
 0.42 0.43
 0.63 0.61
 0.35 0.36
 1.43 1.42
 1.73 1.74
 1.68 1.68
 1.02 1.03
 0.50 0.47
 0.95 0.94
 0.97 0.96
 1.52 1.53
 0.95 0.94
 1.65 1.66
 2.11 2.16
 1.62 1.64
 1.33 1.34
 1.14 1.12
 0.88 0.82
 1.42 1.43
 1.52 1.53
 1.03 1.02
 2.43 2.43
 0.30 0.31
 0.67 0.66
 2.62 2.65
 1.71 1.73
 3.23 3.24
 1.40 1.43
 2.52 2.49
 0.55 0.52
 0.39 0.40
 1.84 1.83
 1.30 1.31
 0.84 0.81
 0.37 0.36
 3.54 3.55
 1.18 1.16
 0.66 0.63
 0.33 0.32
 3.78 3.83
 1.19 1.20
 2.44 2.46
 0.75 0.70
 0.69 0.68
 0.77 0.75
 0.53 0.54
 3.87 3.88
 2.14 2.15
 3.61 3.61
 1.63 1.59
 0.26 0.30
 0.60 0.58
 0.65 0.63
 0.90 0.90
 0.42 0.36
 1.08 1.05
 1.15 1.07
 0.50 0.49
 2.25 2.24
 0.69 0.65
 0.55 0.55
 1.25 1.23
 0.67 0.64
 1.00 1.00
 4.87 4.84
 1.15 1.13
 2.98 3.02
 1.29 1.30
 1.40 1.40
 1.11 1.11
 1.16 1.13
 1.06 1.07
 1.96 2.00
 1.12 1.11
 0.24 0.27
 6.32 6.18
 0.08 0.24
 0.44 0.44
 1.64 1.67
 4.51 4.51
 0.92 0.91
 0.24 0.26
 1.02 1.02
 1.37 1.43
 0.49 0.48
 1.13 1.15
 1.42 1.44
 0.73 0.72
 0.46 0.46
 1.15 1.13
 0.17 0.25
 1.86 1.85
 0.76 0.74
 0.16 0.21
 1.90 1.92
 0.91 0.89
 0.85 0.84
 0.18 0.20
 1.10 1.03
 2.80 2.83
 5.92 5.99
 0.55 0.53
 0.83 0.81
 0.66 0.62
 1.04 1.04
 2.59 2.62
 2.27 2.27
 0.97 0.97
 1.45 1.48
 1.21 1.16
 3.50 3.50
 1.14 1.11
 0.67 0.66
 0.37 0.35
 1.50 1.53
 1.96 1.95
 2.43 2.40
 1.89 1.91
 2.05 2.03
 0.80 0.75
 2.24 2.19
 1.64 1.63
 1.68 1.69
 1.52 1.54
 1.80 1.77
 1.40 1.40
 3.30 3.32
 1.58 1.60
 0.53 0.50
 0.71 0.71
 1.25 1.19
 1.02 1.01
 0.97 0.95
 1.36 1.33
 0.99 0.98
 0.57 0.57
 0.40 0.44
 3.78 3.76
 0.87 0.86
 6.83 6.83
 1.01 1.01
 1.94 1.95
 0.89 0.87
 0.88 0.86
 3.50 3.50
 0.35 0.36
 0.82 0.77
 2.61 2.59
 0.47 0.45
 1.39 1.43
 4.07 4.11
 3.61 3.48
 0.23 0.16
 0.52 0.52
 0.82 0.79
 0.53 0.50
 0.78 0.75
 3.05 2.81
 1.86 1.87
 1.95 1.94
 0.40 0.39
 2.32 2.33
 0.86 0.82
 0.53 0.52
 0.92 0.87
 1.02 1.04
 0.68 0.68
 0.99 0.92
 1.45 1.46
 0.79 0.80
 2.48 2.52
 0.58 0.56
 2.43 2.47
 0.29 0.29
 0.14 0.26
 0.72 0.69
 1.30 1.32
 0.49 0.46
 0.94 0.92
 0.42 0.39
 2.05 2.08
 0.64 0.63
 0.72 0.68
 0.18 0.26
 0.72 0.68
 0.44 0.43
 0.24 0.35
 1.50 1.49
 0.88 0.83
 1.28 1.30
 0.38 0.43
 0.48 0.49
 0.75 0.71
 0.41 0.48
 0.97 0.95
 1.25 1.22
 1.32 1.23
 1.45 1.42
 1.54 1.81
 0.47 0.45
 3.41 3.25
 1.05 1.00
 3.19 3.19
 2.66 2.70
 1.58 1.55
 3.37 3.39
 0.84 0.79
 3.80 3.74
 0.98 0.95
 0.71 0.71
 0.78 0.75
 2.14 2.18
 0.55 0.55
 0.80 0.76
 0.92 0.93
 3.01 3.03
 3.02 3.04
 3.28 3.23
 2.12 2.08
 5.39 5.36
 0.77 0.73
 0.55 0.55
 0.93 0.87
 0.51 0.50
 2.37 2.41
 0.61 0.59
 0.46 0.47
 2.75 2.77
 2.46 2.45
 0.79 0.78
 1.20 1.16
 0.45 0.44
 0.71 0.72
 2.37 2.39
 0.35 0.36
 0.59 0.56
 0.25 0.33
 0.39 0.42
 0.12 0.14
 0.71 0.72
 1.69 1.70
 4.08 4.05
 0.49 0.49
 0.76 0.72
 2.69 2.66
 3.52 3.55
 2.40 2.40
 3.15 3.17
 0.69 0.66
 3.82 3.75
 3.53 3.51
 0.80 0.75
 2.69 2.72
 2.00 2.02
 6.07 5.98
 4.11 4.08
 1.61 1.63
 1.00 0.98
 0.93 0.90
 1.48 1.45
 0.47 0.48
 0.82 0.79
 0.19 0.30
 2.51 2.54
 2.52 2.48
 2.81 2.82
 1.72 1.70
 1.23 1.21
 1.12 1.14
 2.89 2.87
 0.29 0.32
 0.08 0.24
 0.64 0.61
 0.91 0.91
 0.33 0.34
 2.34 2.34
 1.76 1.83
 0.58 0.56
 0.24 0.26
 0.83 0.81
 0.68 0.64
