 0.36 2.02
 1.57 2.05
 0.44 1.58
 1.13 0.72
 0.51 0.57
 0.58 1.77
 1.18 1.80
 0.62 0.60
 5.76 4.14
 2.48 2.43
 2.10 2.37
 0.70 0.33
 0.80 1.75
 0.83 0.47
 0.20 0.44
 0.69 0.67
 0.86 0.58
 2.79 1.67
 0.59 0.57
 2.53 1.91
 3.80 2.65
 2.31 1.40
 0.30 0.19
 1.70 1.95
 0.89 0.90
 1.56 1.33
 0.49 0.68
 0.62 0.69
 0.82 0.65
 2.68 2.13
 1.80 1.05
 2.82 2.32
 0.19 0.00
 0.39 1.07
 1.56 1.68
 3.67 2.72
 0.74 0.81
 1.98 1.67
 1.24 0.61
 2.33 2.55
 1.82 1.54
 3.17 3.18
 6.36 3.48
 1.89 1.61
 1.96 1.27
 4.20 3.24
 0.13 0.46
 0.33 0.73
 2.50 1.78
 0.76 1.10
 0.39 0.74
 0.87 1.50
 0.73 0.75
 1.62 1.15
 2.16 1.83
 2.01 2.29
 1.48 0.95
 1.37 2.65
 0.14 0.54
 1.62 1.30
 0.20 0.58
 0.55 0.83
 0.68 1.32
 3.22 2.01
 0.42 1.85
 0.60 1.63
 1.65 1.67
 1.04 1.37
 1.27 1.87
 1.31 1.49
 0.42 0.86
 0.76 0.74
 1.11 1.03
 1.38 1.79
 0.15 0.28
 1.20 1.80
 3.39 2.55
 0.64 1.06
 2.27 1.25
 0.43 0.55
 0.39 0.74
 0.43 0.77
 0.54 0.59
 0.48 0.93
 1.13 1.74
 0.20 1.38
 2.34 3.80
 0.59 1.27
 0.90 0.99
 0.79 0.91
 3.32 2.62
 0.95 0.60
 0.46 1.66
 0.71 0.52
 2.28 1.60
 3.14 1.98
 0.31 0.22
 0.94 3.39
 6.52 3.48
 0.48 1.08
 0.90 0.75
 0.69 0.76
 0.21 0.98
 2.51 1.19
 0.11 1.90
 3.74 2.88
 1.39 1.24
 0.54 1.00
 0.77 0.69
 1.70 1.43
 0.53 0.62
 3.06 2.45
 1.50 0.98
 2.70 3.48
 1.13 0.89
 0.72 1.16
 0.63 1.40
 1.68 3.20
 1.47 1.30
 2.74 2.56
 0.28 -0.31
 0.17 0.38
 0.44 0.28
 0.42 2.71
 1.09 2.17
 1.01 0.78
 0.11 0.78
 1.54 1.84
 1.63 1.18
 1.13 0.84
 1.69 0.82
 0.96 1.01
 0.20 0.41
 2.02 1.63
 2.67 2.12
 0.20 1.29
 0.08 1.95
 2.50 1.89
 0.05 0.57
 0.73 1.83
 0.83 1.03
 0.77 1.39
 2.29 1.87
 1.35 1.51
 3.48 2.03
 0.77 0.69
 0.43 0.17
 0.51 0.41
 0.80 0.66
 0.64 2.33
 0.37 0.37
 0.74 0.69
 0.41 0.90
 1.43 3.32
 1.42 0.98
 3.62 4.27
 1.03 1.47
 0.91 0.92
 0.46 0.37
 3.34 2.15
 2.52 2.41
 0.94 1.63
 0.45 0.48
 0.58 0.92
 0.90 1.56
 0.53 0.36
 0.47 0.47
 0.95 0.90
 0.76 0.80
 0.37 0.85
 1.45 0.89
 2.39 2.48
 2.71 2.59
 1.66 1.10
 2.77 2.40
 0.16 0.14
 4.38 2.66
 1.53 1.07
 1.83 2.51
 2.48 2.40
 5.57 4.35
 2.45 2.11
 0.45 1.70
 1.80 1.70
 1.65 1.26
 0.54 1.10
 0.97 1.34
 0.93 1.13
 0.08 1.90
 0.60 1.26
 2.94 4.07
 0.79 0.84
 0.11 0.55
 1.21 1.64
 0.65 1.14
 0.82 0.75
 0.63 2.25
 1.45 1.38
 0.96 1.10
 2.79 2.27
 0.44 1.28
 1.17 0.80
 1.40 1.99
 1.42 1.31
 1.61 0.95
 0.26 0.74
 0.43 0.71
 0.90 1.15
 1.82 1.54
 0.28 0.10
 0.35 1.38
 0.91 1.29
 4.55 3.39
 0.87 0.90
 0.30 1.18
 0.28 1.27
 0.65 0.53
 1.76 1.14
 1.59 1.25
 0.54 3.22
 3.10 2.38
 0.39 0.49
 0.37 1.23
 0.57 2.51
 0.09 0.29
 0.25 1.29
 1.28 1.12
 0.86 0.71
 1.49 -0.07
 0.45 0.42
 3.07 2.91
 0.40 0.12
 0.48 0.73
 0.87 1.06
 0.26 1.54
 0.25 1.66
 0.76 0.85
 0.85 1.31
 0.80 1.70
 1.87 1.44
 0.38 0.34
 0.25 0.56
 1.18 0.85
 3.82 2.72
 0.69 1.20
 1.70 1.56
 2.43 1.08
 3.81 2.62
 0.56 0.75
 2.11 1.63
 1.65 1.30
 0.45 0.75
 0.32 0.51
 1.31 1.25
 5.92 3.67
 0.46 0.16
 0.53 -0.38
 0.83 0.54
 0.83 0.61
 0.32 0.59
 0.25 0.49
 0.45 1.46
 0.95 1.31
 1.14 1.38
 0.74 0.61
 0.40 0.61
 1.56 0.85
 0.29 0.42
 0.94 1.73
 0.30 0.66
 0.11 0.43
 0.29 0.49
 0.37 0.92
 2.34 1.66
 2.58 1.68
 0.30 0.57
 1.81 1.08
 3.78 2.70
 0.73 0.61
 1.24 1.64
 0.81 0.92
 1.31 1.18
 0.65 1.38
 3.73 3.89
 3.91 3.10
 0.78 1.33
 1.16 1.39
 0.46 0.40
 0.26 2.11
 4.81 2.81
 3.34 3.08
 0.32 0.63
 0.25 0.90
 0.19 1.67
 0.61 -0.10
 1.33 1.03
 0.77 1.86
 0.54 0.75
 0.70 1.58
 0.09 0.39
 1.46 1.48
 1.64 1.53
 0.74 0.92
 0.17 0.15
 0.62 0.76
 2.42 2.73
 1.76 1.92
 3.11 2.46
 1.52 0.79
 0.10 0.45
 0.68 1.37
 1.61 0.90
 0.71 0.51
 2.42 3.04
 0.11 0.26
 0.25 0.50
 3.31 3.11
 1.14 0.57
 2.61 2.31
 2.24 1.59
 0.31 0.97
 1.10 1.52
 1.06 0.50
 3.04 3.99
 0.34 0.28
 1.20 2.06
 0.23 0.24
 0.80 1.64
 0.51 1.39
 0.36 1.00
 6.04 5.66
 2.05 1.71
 0.30 0.99
 0.64 1.92
 1.11 0.78
 0.82 0.71
 1.71 1.55
 0.92 0.54
 1.88 1.76
 0.83 0.91
 0.66 1.00
 1.86 2.53
 1.36 1.08
 1.52 1.14
 1.01 1.64
 3.44 4.16
 0.47 0.91
 2.09 1.68
 1.30 1.77
 0.88 0.58
 0.78 0.87
 2.89 2.09
 1.00 1.26
 4.78 3.10
 3.38 1.94
 0.98 1.71
 3.05 2.55
 0.83 0.20
 0.46 0.37
 0.12 0.26
 0.92 1.91
 0.93 2.17
 0.95 0.46
 0.75 1.80
 0.48 0.88
 0.49 0.75
 2.06 1.29
 2.95 1.76
 1.06 2.17
 1.00 2.18
 1.11 0.76
 1.78 1.08
 0.96 1.53
 0.32 0.87
 0.31 1.40
 0.54 1.00
 0.72 1.30
 0.67 1.40
 0.87 1.80
 0.51 0.77
 0.54 1.07
 2.00 0.97
 1.01 0.37
 0.63 1.27
 2.75 1.90
 0.57 1.00
 1.80 1.89
 1.13 0.79
 0.52 0.47
 0.51 0.86
 0.49 0.81
 0.68 1.18
 0.79 0.66
 1.57 1.69
 0.45 0.42
 0.40 1.91
 0.73 1.10
 1.15 1.39
 1.85 1.12
 0.59 0.55
 2.65 3.37
 0.54 1.14
 0.68 1.04
 2.28 1.63
 2.37 1.09
 1.68 1.99
 0.30 2.16
 2.81 2.38
 1.00 0.75
 0.73 3.59
 0.53 0.73
 5.03 3.72
 0.64 1.17
 0.49 0.26
 0.36 0.47
 0.43 0.59
 1.35 0.76
 0.50 1.43
 2.44 1.81
 0.87 0.63
 2.17 1.72
 1.76 1.15
 0.68 1.53
 0.72 0.45
 5.52 3.50
 0.71 0.94
 0.88 0.67
 0.46 1.28
 1.50 2.31
 0.31 1.56
 1.59 1.42
 0.31 0.58
 0.29 1.90
 0.47 0.79
 4.12 2.96
 0.20 0.47
 0.76 0.55
 0.84 0.62
 0.87 0.49
 1.52 1.70
 0.18 0.28
 1.29 0.93
 0.75 0.52
 0.82 0.70
 1.53 1.00
 0.15 1.22
 2.04 2.10
 0.96 0.90
 0.69 0.77
 2.80 3.39
 0.13 0.49
 2.68 2.52
 1.14 1.04
 1.27 1.37
 2.19 1.80
 0.58 0.76
 1.57 1.34
 0.22 1.02
 0.45 0.69
 0.87 1.03
 1.43 1.25
 1.12 1.51
 0.10 0.10
 0.77 0.42
 0.81 0.78
 2.87 2.78
 0.93 1.05
 3.10 2.08
 1.10 0.88
 3.79 2.38
 1.43 0.70
 1.48 0.77
 1.03 0.80
 1.86 1.52
 0.58 1.38
 2.68 2.77
 2.69 1.67
 1.94 1.81
 1.08 1.01
 0.16 0.48
 0.68 1.79
 1.50 0.85
 2.78 1.64
 0.82 2.64
 1.63 0.93
 4.57 3.50
 2.02 1.24
 0.54 0.81
 0.87 1.28
 2.10 2.41
 0.32 1.04
 0.44 0.64
 0.80 0.45
 2.30 1.74
 0.15 0.51
 2.17 2.49
 3.00 2.75
 0.36 1.05
 2.18 3.29
 0.33 0.86
 5.74 4.99
 1.08 0.91
 1.32 0.87
 2.19 2.34
 1.75 1.32
 0.64 0.13
 2.53 0.94
 0.50 0.41
 0.66 1.17
 0.61 1.30
 2.01 2.07
 2.92 2.20
 2.41 2.02
 0.89 0.73
 0.51 1.50
 2.82 2.41
 1.50 0.79
 0.72 1.36
 0.37 0.34
 0.36 0.47
 2.39 3.57
 0.49 1.65
 2.62 1.64
 0.87 1.06
 1.40 0.76
 1.38 0.77
 0.46 0.87
 1.24 0.69
 1.14 0.94
 1.60 0.86
 0.18 0.16
 1.11 0.94
 1.56 0.94
 0.58 1.23
 5.53 3.00
 3.74 2.74
 0.94 0.61
 0.92 2.54
 0.77 1.13
 0.16 0.75
 1.58 1.28
 0.15 0.65
 0.71 1.32
 1.14 0.69
 1.46 1.00
 2.05 2.58
 1.54 0.80
 2.44 0.99
 1.98 1.86
 1.18 1.46
 1.78 2.37
 2.51 1.79
 1.01 1.35
 1.09 1.38
 0.22 0.59
 1.63 0.98
 1.18 1.02
 1.82 1.52
 0.73 0.62
 2.84 3.03
 0.46 1.03
 1.15 0.92
 1.26 1.09
 0.42 0.23
 2.96 1.20
 0.92 0.99
 0.42 0.39
 0.46 0.67
 0.19 -0.26
 1.67 1.43
 2.21 1.53
 2.72 1.57
 1.68 1.48
 0.91 0.87
 2.87 1.79
 0.75 0.71
 0.16 0.41
 0.80 1.34
 3.15 2.47
 1.28 2.86
 0.23 0.76
 0.93 0.71
 5.76 3.68
 0.15 0.47
 6.51 3.27
 1.14 1.63
 2.31 1.31
 5.46 3.91
 0.74 1.56
 0.75 0.77
 0.80 1.51
 0.50 0.72
 2.70 2.26
 0.61 1.43
 0.19 0.57
 0.21 2.05
 1.69 1.52
 1.06 0.94
 0.29 1.11
 1.17 1.19
 0.22 0.29
 0.63 0.89
 0.15 0.51
 1.51 0.96
 0.41 0.86
 1.11 1.10
 0.18 1.03
 0.85 1.05
 3.49 2.75
 0.75 1.06
 0.84 1.21
 2.09 1.82
 2.12 2.15
 0.23 1.28
 1.22 3.02
 0.28 0.15
 1.81 1.25
 0.74 1.52
 0.38 0.97
 0.86 2.28
 1.69 1.14
 0.31 1.47
 0.30 0.64
 4.34 3.21
 0.82 0.83
 0.22 0.37
 3.72 3.21
 1.73 0.71
 2.81 3.25
 1.46 0.65
 3.89 2.99
 1.19 0.59
 0.71 1.11
 1.07 3.17
 3.81 2.50
 0.94 0.68
 3.83 2.35
 4.23 2.74
 3.26 2.39
 1.08 1.24
 2.10 1.60
 1.27 0.88
 1.31 2.28
 0.73 1.13
 0.83 0.75
 0.85 0.85
 1.19 1.65
 1.49 1.38
 1.94 1.18
 3.10 2.97
 0.40 0.68
 2.84 2.61
 2.24 2.54
 0.37 1.06
 0.94 1.43
 1.96 2.72
 0.62 1.04
 1.65 1.68
 0.09 0.42
 2.10 2.16
 0.47 0.85
 0.73 0.32
 1.52 0.88
 2.00 1.46
 0.75 1.51
 0.33 0.45
 1.49 0.90
 1.59 0.86
 3.51 2.98
 0.35 0.96
 2.81 1.62
 1.41 1.66
 2.51 2.37
 1.64 1.47
 1.75 0.76
 0.20 0.64
 3.45 1.96
 0.49 1.18
 0.87 0.63
 0.98 0.96
 0.80 1.46
 0.68 1.01
 0.16 0.60
 0.66 1.14
 0.32 0.30
 2.35 1.71
 0.81 1.04
 2.68 1.05
 0.29 0.35
 0.63 1.47
 0.98 0.60
 0.47 0.86
 1.46 0.87
 1.48 3.58
 2.00 1.51
 2.85 2.67
 0.38 0.23
 1.08 1.14
 0.97 0.80
 1.86 1.34
 4.08 3.85
 2.96 2.56
 0.67 0.92
 0.12 0.06
 1.86 1.16
 0.66 0.57
 0.51 1.33
 0.47 0.72
 2.09 1.99
 2.91 2.07
 1.69 1.25
 1.62 0.98
 1.10 1.07
 3.13 1.70
 1.48 1.45
 3.42 1.72
 0.45 2.13
 0.26 1.10
 0.91 1.02
 1.58 1.20
 1.14 2.12
 0.35 1.31
 6.68 3.94
 1.66 1.21
 2.74 1.83
 0.12 0.98
 2.57 2.21
 3.34 1.82
 2.18 1.93
 0.95 1.22
 0.89 0.60
 0.99 1.07
 1.34 1.26
 0.83 0.73
 0.95 1.80
 0.61 1.22
 1.94 1.51
 2.08 1.99
 2.84 2.13
 1.70 0.81
 0.38 0.71
 0.60 0.70
 2.20 1.78
 1.91 2.28
 2.16 1.15
 0.95 0.55
 3.16 1.72
 1.99 1.22
 0.24 1.81
 0.22 0.73
 2.14 1.24
 1.56 3.80
 1.02 0.21
 1.04 0.82
 2.18 1.47
 1.49 1.31
 1.85 1.22
 2.05 1.37
 0.28 2.07
 4.15 3.10
 0.24 0.19
 1.12 0.65
 1.93 1.08
 0.51 1.86
 2.29 1.29
 0.53 0.73
 1.29 2.12
 1.96 3.28
 1.24 0.93
 2.75 2.02
 1.42 1.24
 0.87 0.91
 1.37 0.84
 0.45 0.51
 2.78 2.04
 1.34 1.73
 0.71 1.22
 1.38 0.78
 0.49 0.47
 1.24 0.97
 0.62 0.96
 1.87 1.39
 0.49 0.60
 1.86 1.70
 1.38 1.31
 3.21 1.62
 1.71 1.57
 0.33 0.78
 1.75 1.60
 0.86 0.77
 1.73 1.39
 3.89 2.57
 0.91 0.71
 1.72 1.52
 0.41 2.75
 0.62 0.73
 1.61 1.71
 0.29 1.11
 3.48 3.38
 1.28 0.83
 0.47 0.58
 0.57 0.35
 1.20 0.83
 1.10 1.28
 1.36 1.20
 1.69 1.21
 0.63 0.83
 2.47 1.97
 0.56 1.38
 0.30 0.69
 2.28 1.60
 2.45 1.91
 0.84 1.33
 1.71 0.95
 2.33 1.02
 2.24 1.05
 2.10 1.52
 2.17 1.11
 2.14 1.33
 0.06 -0.04
 2.13 1.43
 0.71 0.85
 0.54 0.74
 1.40 1.16
 0.29 0.72
 0.49 0.70
 0.57 0.59
 0.98 1.97
 2.70 2.05
 0.75 1.90
 2.29 1.09
 1.18 0.79
 3.03 3.17
 2.41 1.37
 1.07 1.70
 0.88 0.52
 0.59 0.94
 3.79 2.81
 0.14 0.27
 2.16 1.11
 0.54 0.67
 1.09 1.49
 0.47 0.64
 0.54 0.87
 2.00 1.22
 0.16 0.92
 2.62 3.53
 1.58 1.36
 0.43 0.50
 1.50 0.85
 0.46 1.62
 2.76 1.78
 1.88 2.05
 2.26 1.29
 2.45 1.84
 1.87 2.18
 1.28 0.90
 0.87 0.79
 1.05 1.13
 1.70 1.51
 0.80 1.02
 0.30 0.36
 2.84 2.19
 3.01 1.87
 0.18 1.07
 0.29 0.90
 0.31 0.47
 1.54 1.91
 0.56 0.77
 1.57 1.01
 1.45 1.07
 2.50 2.78
 0.66 0.91
 0.90 0.61
 1.23 0.63
 1.51 1.50
 4.27 3.60
 1.24 0.96
 1.49 1.27
 2.34 2.79
 1.17 1.21
 1.77 2.39
 0.22 0.64
 0.56 0.92
 0.20 0.95
 1.13 1.27
 1.93 1.61
 0.80 0.62
 2.04 1.79
 1.56 2.67
 1.51 1.20
 1.95 1.88
 2.41 1.57
 1.13 1.77
 1.92 2.09
 0.66 1.38
 3.63 3.35
 1.83 2.13
 0.52 0.48
 1.67 0.47
 2.23 1.51
 0.67 1.99
 0.21 0.21
 0.68 1.27
 2.67 1.96
 1.45 0.84
 0.11 0.30
 0.78 0.90
 0.97 0.91
 1.93 1.96
 1.78 1.62
 0.23 0.51
 4.73 2.97
 0.69 0.78
 1.49 1.03
 2.41 2.47
 3.15 1.97
 2.96 2.11
 0.57 1.03
 0.45 0.41
 1.43 1.74
 4.02 3.17
 3.17 2.39
 2.92 2.06
 0.62 1.27
 3.51 2.85
 1.22 1.45
 2.92 2.65
 0.62 0.70
 0.92 1.49
 1.20 0.64
 0.74 0.91
 1.42 0.72
 1.32 0.86
 3.01 2.47
 1.71 1.25
 0.33 0.30
 1.16 0.67
 0.45 0.67
 3.00 2.24
 0.14 0.60
 1.27 2.35
 0.51 0.90
 2.44 1.82
 0.27 0.23
 0.92 0.64
 0.09 0.84
 1.77 2.32
 0.29 0.53
 1.56 2.84
 0.99 1.46
 1.49 0.88
 0.97 0.98
 1.54 1.18
 0.77 0.61
 0.42 0.78
 1.48 0.86
 0.26 0.88
 1.49 0.85
 1.89 1.47
 2.32 3.53
 1.76 1.05
 3.02 2.33
 0.50 0.91
 0.15 0.66
 3.41 2.59
 1.71 2.15
 2.00 2.54
 1.07 2.86
 5.07 3.39
 3.02 1.98
 0.86 -0.03
 1.18 0.68
 1.11 0.64
 2.45 1.73
 1.42 0.85
 1.25 3.00
 0.82 0.63
 2.57 2.39
 1.25 1.30
 1.08 2.05
 2.72 2.19
 0.69 0.66
 2.59 2.64
 0.97 0.85
 0.52 0.75
 0.20 0.29
 0.80 0.58
 0.38 0.50
 4.94 4.78
 2.10 1.25
 1.61 2.32
 1.27 2.53
 2.61 2.72
 0.95 1.01
 0.39 0.65
 1.13 1.53
 1.72 1.58
 0.40 0.77
 0.91 0.87
 2.31 2.10
 0.52 0.67
 1.26 1.03
 1.21 0.36
 1.71 1.79
 0.44 0.39
 1.14 0.74
 0.33 0.80
 1.95 0.98
 0.44 0.90
 1.19 1.43
 1.39 1.47
 0.55 0.33
 4.87 3.06
 2.82 3.01
 2.20 3.75
 5.02 3.49
 0.72 2.12
 0.78 0.71
 2.30 1.98
 0.92 0.70
 2.24 1.25
 2.65 1.22
 1.32 0.69
 2.87 2.38
 0.32 -0.10
 0.08 -0.48
 2.24 1.87
 3.49 2.64
 3.04 2.49
 2.37 1.52
 1.24 1.29
 0.26 0.85
 0.45 0.66
 0.54 0.49
 1.24 1.25
 0.11 0.84
 1.11 0.77
 0.57 1.47
 1.79 2.83
 2.23 1.28
 0.95 1.31
 0.80 0.89
 0.42 0.32
 0.15 0.55
 0.47 0.55
 1.36 0.65
 1.58 1.78
 1.94 1.52
 0.51 0.62
 0.32 0.75
 0.92 1.06
 1.78 2.29
 0.35 0.71
 2.45 2.14
 2.64 3.41
 1.21 1.19
 2.56 1.86
 0.77 1.21
 1.28 1.46
 0.64 -0.88
 6.78 3.62
 2.42 1.92
 0.70 0.06
 0.46 0.83
 1.29 1.45
 1.39 0.85
 0.36 0.69
 0.47 3.18
 1.48 1.88
 0.31 0.60
 2.58 2.14
 0.66 1.23
 1.27 0.85
 2.18 1.68
 1.84 0.95
 1.16 0.90
 3.90 3.35
 0.47 1.72
 0.24 0.70
 0.24 1.44
 5.51 4.11
 0.35 0.69
 1.17 1.49
 0.94 1.84
 1.62 1.03
 2.20 2.24
 0.46 0.67
 1.11 1.23
 1.24 1.41
 1.03 1.27
 2.18 1.62
 0.81 0.90
 2.05 3.87
 2.42 2.35
 1.53 1.18
 0.95 0.78
 0.95 0.63
 1.62 0.93
 3.82 2.43
 2.63 2.58
 1.02 1.50
 1.79 1.75
 1.84 1.36
 0.86 1.03
 0.49 0.89
 0.23 -1.57
 1.80 1.04
 3.25 2.75
 1.28 0.73
 1.32 0.89
 0.28 1.32
 2.98 2.08
 1.56 1.53
 0.94 2.89
 0.90 2.17
 0.45 0.79
 1.92 2.28
 1.01 0.73
 3.41 1.79
 1.51 1.15
 2.86 2.05
 2.25 1.16
 1.86 1.60
 1.30 1.22
 2.31 1.78
 0.71 2.63
 3.09 2.58
 0.81 0.70
 0.80 0.91
 1.48 1.08
 0.10 0.38
 2.85 3.15
 0.17 0.68
 0.66 0.69
 0.40 1.89
 1.44 1.33
 1.01 0.26
 2.32 2.96
 0.82 0.90
 0.60 0.46
 3.98 2.46
 1.74 1.67
 0.07 0.03
 1.94 1.02
 0.35 0.48
 6.83 3.30
 3.84 3.59
 0.44 1.22
 2.21 1.47
 1.25 2.04
 2.85 2.18
 1.09 0.82
 1.46 1.23
 1.33 1.09
 2.41 2.64
 1.81 1.31
 1.22 1.77
 1.30 0.95
 0.56 0.75
 3.01 2.29
 0.52 1.88
 0.41 0.52
 0.81 1.04
 2.20 1.50
 0.70 1.58
 0.35 0.90
 0.88 1.18
 0.46 0.99
 1.60 1.64
 2.11 0.89
 0.43 0.91
 2.21 1.55
 0.15 0.53
 2.14 1.68
 2.95 2.61
 1.30 0.72
 3.37 2.58
 0.55 1.05
 2.02 1.23
 2.64 1.66
 0.68 0.49
 2.93 2.41
 0.29 0.86
 1.46 1.82
 2.93 2.66
 1.50 1.49
 1.30 1.20
 4.30 3.12
 1.16 0.88
 0.38 -0.02
 2.43 1.80
 2.35 2.08
 0.16 0.25
 0.58 0.83
 0.35 0.79
 2.16 1.39
 1.56 1.41
 0.74 1.56
 0.36 0.90
 2.00 1.52
 1.89 1.32
 0.91 1.07
 2.07 1.68
 2.26 3.66
 2.71 2.75
 1.13 1.02
 5.42 4.15
 1.71 1.71
 3.15 2.35
 3.42 2.96
 4.49 3.35
 2.95 1.79
 0.86 0.92
 0.44 0.68
 1.16 1.20
 1.33 1.46
 0.47 0.62
 1.10 0.67
 0.63 1.25
 0.89 2.27
 1.29 0.92
 0.92 1.20
 0.97 1.50
 1.04 1.52
 2.32 1.86
 2.78 2.28
 1.90 2.14
 0.80 0.97
 1.07 0.78
 0.55 0.65
 0.83 1.38
 0.44 0.25
 0.73 1.24
 0.41 0.68
 0.58 0.81
 0.70 1.33
 0.73 1.29
 2.53 2.45
 0.13 0.87
 1.17 0.96
 0.91 0.73
 0.68 0.19
 0.70 1.22
 1.62 1.13
 0.66 1.23
 1.04 0.96
 2.74 1.41
 0.79 0.40
 0.80 0.84
 2.73 2.07
 2.90 2.58
 2.48 1.40
 1.03 0.79
 1.26 1.05
 0.37 1.28
 0.73 0.64
 0.65 0.59
 1.08 1.40
 4.19 2.82
 3.08 2.22
 0.87 0.83
 4.15 4.32
 0.71 0.85
 0.46 0.64
 3.52 2.46
 3.15 2.43
 2.09 1.51
 0.71 1.20
 0.36 0.75
 3.08 2.32
 0.48 0.34
 1.66 1.69
 0.44 1.86
 3.15 2.22
 1.15 2.50
 1.56 1.99
 1.37 1.55
 0.98 3.00
 1.07 1.98
 0.51 1.87
 3.11 3.02
 0.78 1.08
 0.28 0.82
 1.12 0.79
 0.91 1.07
 1.28 1.61
 1.10 0.93
 0.43 0.34
 2.19 2.41
 2.67 1.85
 1.13 2.21
 0.23 0.46
 0.61 1.22
 2.57 2.11
 0.51 0.68
 4.33 3.16
 0.33 1.02
 1.86 1.84
 0.50 1.39
