 0.87 0.81
 3.18 3.12
 0.65 0.58
 1.09 1.03
 1.28 1.22
 1.00 0.94
 0.38 0.31
 0.72 0.65
 1.01 0.95
 0.29 0.24
 1.58 1.53
 0.56 0.48
 1.07 1.01
 1.92 1.84
 0.73 0.67
 0.43 0.36
 0.86 0.80
 0.79 0.73
 1.00 0.94
 2.40 2.33
 1.52 1.45
 2.31 2.24
 0.30 0.22
 0.09 0.05
 5.58 5.52
 1.04 0.98
 1.57 1.51
 0.70 0.65
 0.33 0.25
 1.97 1.93
 4.98 4.92
 1.17 1.12
 0.76 0.70
 0.36 0.30
 3.01 2.96
 1.29 1.22
 2.02 1.96
 0.78 0.71
 0.45 0.38
 0.38 0.30
 0.36 0.30
 1.88 1.82
 0.71 0.64
 1.89 1.83
 2.04 1.97
 1.62 1.57
 3.79 3.72
 1.46 1.40
 1.01 0.95
 2.27 2.19
 0.67 0.59
 2.21 2.16
 0.53 0.46
 0.87 0.81
 1.00 0.94
 1.44 1.37
 1.48 1.42
 2.99 2.92
 1.82 1.74
 1.09 1.03
 1.75 1.68
 1.49 1.42
 2.36 2.29
 0.70 0.64
 0.42 0.35
 0.53 0.46
 0.29 0.22
 2.79 2.72
 3.92 3.85
 0.25 0.19
 1.94 1.87
 1.91 1.84
 2.16 2.09
 0.46 0.39
 2.05 2.00
 0.39 0.33
 1.28 1.21
 1.42 1.35
 0.75 0.67
 1.15 1.08
 0.99 0.93
 1.96 1.90
 0.60 0.53
 1.02 0.96
 1.27 1.20
 0.73 0.66
 0.82 0.76
 0.59 0.51
 2.15 2.08
 1.09 1.03
 2.08 2.01
 0.70 0.64
 1.07 1.00
 0.71 0.64
 0.25 0.19
 3.38 3.33
 1.85 1.78
 0.63 0.55
 0.21 0.17
 0.94 0.88
 0.63 0.56
 1.71 1.64
 0.44 0.37
 0.57 0.50
 0.47 0.41
 1.48 1.41
 0.76 0.69
 0.43 0.36
 6.68 6.56
 3.81 3.75
 0.82 0.76
 0.42 0.35
 2.54 2.47
 1.03 0.97
 0.51 0.43
 0.77 0.70
 1.15 1.09
 3.34 3.27
 0.02 -0.02
 1.19 1.13
 1.34 1.27
 2.69 2.62
 2.93 2.85
 0.01 0.00
 1.09 1.03
 0.20 0.17
 0.94 0.87
 0.70 0.64
 1.71 1.65
 3.96 3.90
 0.69 0.62
 1.77 1.70
 0.39 0.32
 1.89 1.82
 1.08 1.01
 2.52 2.46
 0.82 0.75
 1.25 1.19
 3.41 3.34
 1.61 1.54
 2.33 2.26
 0.90 0.82
 2.29 2.22
 0.90 0.83
 2.75 2.68
 0.39 0.32
 0.92 0.85
 0.52 0.44
 1.57 1.51
 0.13 0.07
 0.10 0.05
 1.36 1.31
 0.97 0.91
 1.01 0.95
 0.69 0.63
 1.10 1.03
 2.60 2.53
 1.06 1.01
 0.66 0.59
 0.92 0.85
 0.94 0.88
 1.02 0.94
 0.82 0.76
 0.43 0.37
 3.61 3.54
 0.51 0.44
 0.75 0.68
 1.22 1.16
 0.75 0.69
 0.56 0.49
 2.59 2.52
 4.99 4.92
 2.15 2.08
 1.20 1.14
 1.92 1.86
 0.54 0.47
 1.25 1.18
 0.17 0.15
 2.85 2.78
 0.13 0.06
 1.08 1.05
 0.80 0.72
 1.15 1.09
 1.16 1.10
 0.73 0.67
 2.22 2.15
 1.52 1.47
 1.20 1.14
 0.59 0.51
 0.19 0.12
 0.56 0.48
 0.46 0.39
 0.31 0.24
 0.46 0.39
 0.43 0.36
 0.08 0.03
 0.22 0.19
 1.56 1.49
 3.56 3.50
 1.73 1.65
 1.24 1.19
 2.71 2.65
 0.38 0.31
 0.49 0.42
 0.98 0.92
 2.95 2.88
 0.68 0.62
 2.48 2.40
 0.29 0.24
 1.35 1.28
 2.16 2.08
 0.58 0.51
 4.29 4.23
 1.85 1.78
 0.83 0.76
 0.28 0.22
 1.78 1.72
 0.25 0.19
 3.70 3.65
 3.16 3.08
 1.28 1.22
 0.51 0.44
 0.18 0.12
 0.19 0.16
 0.64 0.56
 1.00 0.94
 5.22 5.15
 1.55 1.50
 0.83 0.77
 0.97 0.91
 4.12 4.06
 0.26 0.19
 0.60 0.52
 0.29 0.23
 2.84 2.77
 0.98 0.90
 2.16 2.09
 2.02 1.95
 0.23 0.19
 1.08 1.02
 0.03 0.00
 0.61 0.56
 0.19 0.16
 0.93 0.87
 0.51 0.44
 1.02 0.94
 1.43 1.38
 3.27 3.20
 0.49 0.43
 0.35 0.28
 0.90 0.84
 2.76 2.69
 1.72 1.64
 0.37 0.30
 0.75 0.66
 0.68 0.61
 0.44 0.37
 0.33 0.27
 0.46 0.39
 1.30 1.25
 1.20 1.14
 0.97 0.91
 0.20 0.14
 0.18 0.14
 1.13 1.07
 0.91 0.85
 3.94 3.88
 6.52 6.43
 1.35 1.28
 0.25 0.18
 0.26 0.19
 0.41 0.36
 4.13 4.07
 0.13 0.07
 0.21 0.17
 2.34 2.28
 2.03 1.96
 4.88 4.82
 3.46 3.40
 0.28 0.22
 0.15 0.09
 0.31 0.24
 0.52 0.48
 1.60 1.55
 3.16 3.09
 1.10 1.04
 0.30 0.23
 2.27 2.20
 1.27 1.21
 1.07 1.00
 0.02 -0.00
 3.10 3.02
 1.58 1.52
 0.31 0.24
 2.06 1.99
 1.77 1.71
 2.95 2.88
 0.44 0.37
 2.51 2.44
 0.82 0.76
 0.88 0.83
 3.28 3.22
 0.74 0.68
 0.38 0.31
 0.58 0.50
 0.91 0.85
 2.06 1.98
 1.05 1.00
 0.91 0.85
 1.30 1.22
 0.83 0.76
 3.32 3.25
 0.24 0.19
 0.59 0.51
 0.27 0.20
 1.68 1.61
 3.39 3.34
 0.67 0.60
 0.66 0.58
 2.24 2.17
 2.19 2.13
 2.72 2.66
 2.16 2.09
 0.61 0.54
 0.59 0.52
 0.35 0.28
 0.70 0.64
 2.59 2.52
 0.37 0.30
 1.41 1.35
 2.09 2.01
 0.76 0.70
 0.65 0.59
 1.10 1.04
 2.44 2.38
 2.89 2.83
 1.76 1.69
 1.81 1.76
 1.34 1.27
 2.75 2.67
 1.85 1.79
 0.70 0.63
 1.54 1.49
 4.85 4.80
 0.82 0.77
 1.02 0.96
 0.46 0.39
 1.11 1.05
 1.12 1.06
 1.34 1.29
 0.26 0.20
 0.71 0.64
 4.42 4.36
 1.00 0.94
 1.56 1.51
 0.77 0.69
 0.12 0.06
 0.49 0.42
 0.24 0.17
 0.68 0.62
 0.39 0.32
 0.93 0.86
 1.33 1.27
 2.58 2.51
 0.91 0.84
 1.44 1.38
 0.77 0.70
 0.80 0.73
 0.90 0.83
 0.79 0.73
 1.02 0.96
 0.51 0.44
 1.10 1.04
 1.48 1.41
 0.36 0.30
 1.29 1.23
 1.87 1.81
 1.05 0.99
 4.29 4.22
 0.96 0.90
 1.68 1.63
 0.73 0.66
 0.53 0.46
 0.64 0.57
 0.52 0.45
 0.26 0.21
 0.47 0.40
 0.37 0.30
 0.09 0.04
 0.45 0.37
 3.25 3.20
 2.19 2.12
 0.72 0.66
 3.98 3.91
 1.63 1.56
 0.48 0.41
 0.22 0.17
 0.76 0.70
 2.46 2.40
 0.59 0.53
 1.15 1.09
 3.15 3.09
 0.08 0.03
 0.39 0.32
 4.46 4.38
 2.17 2.10
 0.77 0.69
 1.03 0.97
 0.12 0.06
 3.28 3.22
 1.09 1.02
 1.08 1.02
 1.29 1.22
 6.78 6.66
 5.00 4.93
 0.10 0.04
 0.60 0.52
 1.16 1.10
 0.67 0.60
 1.45 1.39
 0.40 0.33
 0.65 0.57
 0.80 0.74
 3.83 3.76
 0.80 0.74
 2.88 2.82
 0.38 0.31
 2.60 2.54
 0.21 0.17
 2.97 2.90
 0.83 0.77
 3.26 3.19
 0.62 0.54
 1.81 1.74
 0.77 0.71
 3.50 3.45
 0.37 0.30
 0.69 0.63
 2.22 2.15
 0.95 0.90
 1.25 1.19
 0.56 0.49
 0.91 0.85
 1.13 1.08
 1.09 1.04
 1.15 1.09
 0.37 0.30
 0.96 0.90
 0.69 0.61
 0.43 0.36
 2.22 2.14
 1.28 1.23
 1.06 0.99
 1.68 1.61
 1.97 1.90
 3.15 3.08
 0.52 0.45
 1.26 1.20
 1.24 1.18
 1.16 1.11
 0.88 0.82
 2.56 2.49
 1.59 1.52
 1.79 1.71
 0.42 0.35
 0.92 0.86
 0.79 0.72
 0.50 0.43
 3.84 3.79
 1.45 1.38
 1.41 1.34
 0.21 0.15
 2.12 2.05
 1.51 1.45
 0.72 0.67
 0.21 0.15
 2.20 2.13
 0.81 0.75
 1.70 1.65
 1.18 1.13
 2.47 2.40
 3.01 2.94
 0.91 0.85
 0.93 0.87
 2.76 2.69
 0.17 0.13
 0.89 0.82
 1.36 1.31
 1.43 1.37
 0.56 0.49
 3.03 2.97
 1.61 1.53
 0.55 0.48
 2.28 2.21
 0.41 0.35
 0.39 0.32
 0.23 0.19
 0.69 0.62
 2.56 2.50
 4.84 4.77
 3.17 3.10
 0.57 0.49
 2.30 2.23
 2.18 2.11
 0.33 0.30
 0.60 0.53
 3.12 3.04
 0.16 0.10
 0.80 0.73
 0.69 0.62
 0.24 0.17
 1.42 1.36
 1.46 1.41
 0.26 0.21
 1.10 1.04
 1.29 1.23
 0.30 0.22
 1.41 1.35
 2.18 2.12
 2.76 2.69
 0.72 0.65
 5.48 5.42
 1.47 1.42
 0.96 0.89
 1.33 1.27
 3.12 3.01
 1.24 1.18
 0.85 0.78
 1.14 1.08
 2.69 2.64
 0.60 0.53
 0.88 0.82
 0.27 0.20
 3.77 3.69
 0.94 0.88
 1.24 1.18
 2.11 2.05
 1.18 1.13
 3.31 3.25
 0.50 0.43
 1.16 1.11
 2.10 2.04
 1.41 1.34
 0.79 0.71
 0.18 0.12
 0.56 0.49
 3.18 3.11
 1.11 1.05
 1.60 1.53
 1.03 0.97
 1.51 1.44
 1.69 1.61
 0.47 0.40
 0.31 0.26
 1.62 1.55
 0.08 0.02
 0.67 0.60
 0.46 0.39
 2.65 2.60
 2.26 2.21
 1.24 1.19
 4.42 4.36
 1.48 1.41
 0.49 0.43
 2.98 2.91
 0.63 0.56
 0.50 0.42
 0.77 0.70
 2.19 2.12
 2.07 2.01
 3.31 3.24
 0.23 0.17
 0.67 0.60
 2.38 2.31
 1.57 1.53
 0.29 0.24
 0.93 0.87
 1.98 1.91
 3.35 3.29
 1.04 0.98
 0.47 0.39
 3.34 3.29
 2.51 2.44
 0.48 0.41
 0.52 0.45
 0.47 0.40
 0.91 0.85
 0.16 0.10
 0.19 0.14
 4.85 4.78
 4.99 4.94
 3.94 3.88
 0.75 0.68
 2.67 2.61
 0.37 0.30
 2.46 2.40
 2.84 2.77
 2.81 2.74
 3.31 3.26
 0.42 0.35
 1.34 1.28
 2.30 2.23
 4.03 3.96
 0.77 0.70
 0.73 0.67
 3.12 3.05
 0.69 0.62
 1.56 1.49
 1.50 1.46
 1.24 1.18
 2.29 2.23
 0.06 0.01
 1.24 1.18
 1.98 1.91
 0.36 0.29
 0.94 0.88
 0.39 0.33
 2.15 2.08
 0.72 0.66
 1.60 1.53
 0.52 0.44
 2.37 2.31
 1.05 0.99
 1.61 1.56
 3.61 3.55
 1.56 1.52
 0.68 0.60
 0.83 0.75
 3.57 3.51
 0.30 0.24
 1.20 1.14
 4.20 4.14
 5.24 5.20
 0.34 0.28
 0.46 0.40
 4.07 3.99
 1.00 0.94
 3.17 3.11
 3.82 3.76
 1.17 1.11
 0.68 0.60
 3.86 3.80
 0.46 0.39
 0.42 0.36
 1.28 1.21
 1.26 1.20
 2.51 2.44
 0.01 -0.02
 0.60 0.54
 0.19 0.16
 1.33 1.27
 2.34 2.27
 1.49 1.43
 2.20 2.14
 4.98 4.93
 2.15 2.10
 0.94 0.87
 0.89 0.81
 1.69 1.65
 0.40 0.33
 0.45 0.38
 3.32 3.25
 0.58 0.51
 0.84 0.77
 1.17 1.11
 0.58 0.51
 0.54 0.47
 0.92 0.86
 0.70 0.62
 1.81 1.74
 3.80 3.74
 1.71 1.64
 4.46 4.41
 1.27 1.21
 1.28 1.22
 2.48 2.40
 0.71 0.63
 0.13 0.10
 0.23 0.17
 1.16 1.09
 0.82 0.73
 1.27 1.21
 0.96 0.90
 0.88 0.82
 0.92 0.86
 1.23 1.17
 0.37 0.30
 2.26 2.22
 0.49 0.42
 0.88 0.82
 1.59 1.53
 2.75 2.68
 0.96 0.90
 1.27 1.21
 1.09 1.04
 0.53 0.46
 0.37 0.30
 0.88 0.82
 0.90 0.83
 0.49 0.42
 2.20 2.13
 0.65 0.58
 0.50 0.43
 1.32 1.26
 3.02 2.96
 0.94 0.88
 1.30 1.23
 2.02 1.97
 1.93 1.86
 0.91 0.83
 0.45 0.38
 0.28 0.23
 4.81 4.74
 2.27 2.21
 1.10 1.05
 1.33 1.27
 0.95 0.87
 1.76 1.69
 0.58 0.50
 0.92 0.86
 0.79 0.72
 1.78 1.71
 1.10 1.04
 1.60 1.54
 2.70 2.63
 0.27 0.21
 1.57 1.50
 0.55 0.50
 0.43 0.36
 1.23 1.17
 3.81 3.75
 0.27 0.22
 1.44 1.39
 0.21 0.19
 1.68 1.61
 0.48 0.41
 1.57 1.51
 2.12 2.05
 0.62 0.55
 2.45 2.38
 1.10 1.04
 2.95 2.88
 3.63 3.56
 1.54 1.48
 0.27 0.22
 2.36 2.30
 2.10 2.02
 0.95 0.89
 1.13 1.07
 1.65 1.60
 2.68 2.61
 0.92 0.86
 1.46 1.41
 2.06 1.99
 3.33 3.27
 1.54 1.48
 3.09 3.03
 1.86 1.79
 1.83 1.76
 0.62 0.56
 1.99 1.92
 1.74 1.67
 0.33 0.27
 0.62 0.56
 0.42 0.35
 2.80 2.73
 1.77 1.72
 0.25 0.18
 1.68 1.62
 1.65 1.60
 5.12 5.05
 2.60 2.54
 1.46 1.40
 4.46 4.39
 0.77 0.71
 1.05 0.98
 0.18 0.12
 1.94 1.87
 1.09 1.04
 0.37 0.31
 0.87 0.81
 0.75 0.69
 1.86 1.79
 0.35 0.28
 1.02 0.94
 4.94 4.86
 2.22 2.15
 1.06 1.00
 0.70 0.63
 1.00 0.94
 0.42 0.35
 0.20 0.16
 0.07 0.03
 1.11 1.05
 2.35 2.30
 1.36 1.30
 3.01 2.95
 0.92 0.85
 3.86 3.80
 1.26 1.19
 1.10 1.04
 0.86 0.79
 0.43 0.36
 2.26 2.18
 1.72 1.65
 3.52 3.46
 1.96 1.91
 0.94 0.88
 0.68 0.62
 0.44 0.37
 0.48 0.41
 3.03 2.96
 3.59 3.52
 1.08 1.02
 2.33 2.26
 0.79 0.73
 0.02 0.01
 1.89 1.84
 0.58 0.51
 0.18 0.11
 2.13 2.06
 0.94 0.88
 0.29 0.23
 1.01 0.95
 0.81 0.75
 1.86 1.79
 1.01 0.95
 0.67 0.60
 0.70 0.63
 0.70 0.64
 1.29 1.23
 2.05 1.98
 2.66 2.58
 0.04 0.01
 2.07 2.00
 1.46 1.40
 0.91 0.84
 0.73 0.65
 1.62 1.56
 2.33 2.26
 0.75 0.68
 0.94 0.88
 0.32 0.25
 0.73 0.67
 0.48 0.41
 5.49 5.41
 0.49 0.42
 1.86 1.79
 0.77 0.70
 0.20 0.13
 2.73 2.66
 1.64 1.57
 2.62 2.55
 3.73 3.67
 0.92 0.86
 0.27 0.23
 2.76 2.69
 0.98 0.90
 1.53 1.47
 0.90 0.84
 2.85 2.79
 0.23 0.17
 1.43 1.36
 0.99 0.93
 2.20 2.13
 1.41 1.35
 1.07 1.01
 0.32 0.25
 0.50 0.43
 0.56 0.49
 0.50 0.43
 2.54 2.47
 1.48 1.42
 0.55 0.49
 0.90 0.84
 0.82 0.76
 0.27 0.22
 0.62 0.55
 1.20 1.13
 0.72 0.66
 1.17 1.11
 0.88 0.82
 3.89 3.82
 2.51 2.44
 0.11 0.06
 0.07 0.02
 0.68 0.61
 2.47 2.40
 0.28 0.21
 1.17 1.10
 1.98 1.91
 1.95 1.88
 3.05 2.99
 3.86 3.79
 0.55 0.47
 5.42 5.35
 1.38 1.33
 2.41 2.34
 0.75 0.67
 0.24 0.19
 0.29 0.22
 3.02 2.97
 2.40 2.34
 2.64 2.58
 3.06 3.02
 0.78 0.71
 0.70 0.62
 2.64 2.59
 1.74 1.67
 1.93 1.86
 1.09 1.02
 1.76 1.70
 1.43 1.36
 2.18 2.11
 2.81 2.76
 0.57 0.50
 0.10 0.05
 0.87 0.82
 0.51 0.44
 0.89 0.83
 1.27 1.21
 4.65 4.57
 1.65 1.59
 1.29 1.24
 2.70 2.64
 1.71 1.64
 1.22 1.16
 2.02 1.95
 3.44 3.37
 0.77 0.69
 4.82 4.76
 0.76 0.69
 2.28 2.21
 1.04 0.97
 0.53 0.46
 3.57 3.52
 2.24 2.17
 0.15 0.11
 0.33 0.26
 0.85 0.79
 1.91 1.83
 0.87 0.80
 0.75 0.69
 0.46 0.39
 0.28 0.22
 1.08 1.02
 2.08 2.01
 2.60 2.54
 0.41 0.34
 1.99 1.93
 0.28 0.22
 0.48 0.41
 1.16 1.10
 1.20 1.14
 2.75 2.67
 0.81 0.75
 0.36 0.29
 1.22 1.16
 0.64 0.57
 0.70 0.64
 2.87 2.81
 1.59 1.54
 1.57 1.52
 3.69 3.62
 1.57 1.50
 2.32 2.26
 0.32 0.26
 0.24 0.18
 1.38 1.32
 1.53 1.46
 2.40 2.33
 0.81 0.75
 1.28 1.22
 0.95 0.88
 3.17 3.12
 0.30 0.24
 1.18 1.12
 0.12 0.07
 0.45 0.39
 1.52 1.47
 3.35 3.28
 2.72 2.64
 0.97 0.91
 2.61 2.54
 0.95 0.89
 0.24 0.18
 1.81 1.74
 1.35 1.29
 0.21 0.15
 1.60 1.54
 0.78 0.71
 1.61 1.57
 0.92 0.85
 1.07 1.00
 2.74 2.67
 2.83 2.77
 1.36 1.30
 1.53 1.46
 0.19 0.13
 0.47 0.40
 0.12 0.06
 1.11 1.06
 0.64 0.56
 2.36 2.30
 2.76 2.70
 0.97 0.90
 0.43 0.37
 1.12 1.06
 0.63 0.55
 5.29 5.23
 0.37 0.30
 0.23 0.16
 2.92 2.86
 4.94 4.86
 0.30 0.23
 0.90 0.84
 0.16 0.10
 0.25 0.18
 2.13 2.05
 0.42 0.35
 0.63 0.56
 0.35 0.28
 1.43 1.38
 1.73 1.68
 1.68 1.62
 1.02 0.96
 0.50 0.43
 0.95 0.89
 0.97 0.91
 1.52 1.45
 0.95 0.89
 1.65 1.58
 2.11 2.04
 1.62 1.57
 1.33 1.26
 1.14 1.08
 0.88 0.81
 1.42 1.36
 1.52 1.45
 1.03 0.98
 2.43 2.36
 0.30 0.24
 0.67 0.58
 2.62 2.54
 1.71 1.66
 3.23 3.18
 1.40 1.33
 2.52 2.46
 0.55 0.48
 0.39 0.32
 1.84 1.77
 1.30 1.24
 0.84 0.78
 0.37 0.30
 3.54 3.47
 1.18 1.13
 0.66 0.60
 0.33 0.26
 3.78 3.71
 1.19 1.13
 2.44 2.38
 0.75 0.66
 0.69 0.62
 0.77 0.70
 0.53 0.46
 3.87 3.80
 2.14 2.06
 3.61 3.57
 1.63 1.56
 0.26 0.20
 0.60 0.53
 0.65 0.58
 0.90 0.84
 0.42 0.36
 1.08 1.04
 1.15 1.09
 0.50 0.43
 2.25 2.19
 0.69 0.61
 0.55 0.48
 1.25 1.19
 0.67 0.59
 1.00 0.94
 4.87 4.80
 1.15 1.09
 2.98 2.92
 1.29 1.23
 1.40 1.34
 1.11 1.06
 1.16 1.10
 1.06 1.01
 1.96 1.89
 1.12 1.06
 0.24 0.17
 6.32 6.33
 0.08 0.07
 0.44 0.38
 1.64 1.57
 4.51 4.43
 0.92 0.86
 0.24 0.18
 1.02 0.96
 1.37 1.31
 0.49 0.42
 1.13 1.08
 1.42 1.35
 0.73 0.67
 0.46 0.39
 1.15 1.09
 0.17 0.13
 1.86 1.80
 0.76 0.70
 0.16 0.11
 1.90 1.84
 0.91 0.85
 0.85 0.79
 0.18 0.12
 1.10 1.04
 2.80 2.74
 5.92 5.85
 0.55 0.49
 0.83 0.77
 0.66 0.59
 1.04 0.98
 2.59 2.52
 2.27 2.20
 0.97 0.91
 1.45 1.39
 1.21 1.15
 3.50 3.45
 1.14 1.08
 0.67 0.60
 0.37 0.29
 1.50 1.44
 1.96 1.91
 2.43 2.38
 1.89 1.82
 2.05 1.99
 0.80 0.72
 2.24 2.19
 1.64 1.59
 1.68 1.63
 1.52 1.45
 1.80 1.75
 1.40 1.34
 3.30 3.23
 1.58 1.51
 0.53 0.46
 0.71 0.64
 1.25 1.20
 1.02 0.96
 0.97 0.91
 1.36 1.30
 0.99 0.93
 0.57 0.50
 0.40 0.34
 3.78 3.72
 0.87 0.80
 6.83 6.68
 1.01 0.95
 1.94 1.87
 0.89 0.83
 0.88 0.82
 3.50 3.44
 0.35 0.28
 0.82 0.75
 2.61 2.55
 0.47 0.40
 1.39 1.33
 4.07 4.02
 3.61 3.47
 0.23 0.16
 0.52 0.45
 0.82 0.76
 0.53 0.46
 0.78 0.71
 3.05 3.02
 1.86 1.78
 1.95 1.87
 0.40 0.33
 2.32 2.26
 0.86 0.80
 0.53 0.46
 0.92 0.85
 1.02 0.96
 0.68 0.61
 0.99 0.92
 1.45 1.39
 0.79 0.73
 2.48 2.41
 0.58 0.52
 2.43 2.36
 0.29 0.22
 0.14 0.12
 0.72 0.66
 1.30 1.24
 0.49 0.42
 0.94 0.88
 0.42 0.36
 2.05 1.98
 0.64 0.58
 0.72 0.65
 0.18 0.12
 0.72 0.64
 0.44 0.38
 0.24 0.19
 1.50 1.45
 0.88 0.81
 1.28 1.22
 0.38 0.32
 0.48 0.40
 0.75 0.68
 0.41 0.34
 0.97 0.91
 1.25 1.20
 1.32 1.27
 1.45 1.40
 1.54 1.48
 0.47 0.40
 3.41 3.31
 1.05 0.99
 3.19 3.13
 2.66 2.58
 1.58 1.53
 3.37 3.31
 0.84 0.78
 3.80 3.70
 0.98 0.92
 0.71 0.64
 0.78 0.72
 2.14 2.07
 0.55 0.48
 0.80 0.73
 0.92 0.86
 3.01 2.94
 3.02 2.96
 3.28 3.21
 2.12 2.08
 5.39 5.33
 0.77 0.70
 0.55 0.47
 0.93 0.86
 0.51 0.43
 2.37 2.30
 0.61 0.54
 0.46 0.39
 2.75 2.69
 2.46 2.41
 0.79 0.74
 1.20 1.13
 0.45 0.38
 0.71 0.65
 2.37 2.30
 0.35 0.28
 0.59 0.52
 0.25 0.19
 0.39 0.32
 0.12 0.06
 0.71 0.65
 1.69 1.63
 4.08 4.01
 0.49 0.42
 0.76 0.70
 2.69 2.63
 3.52 3.46
 2.40 2.36
 3.15 3.08
 0.69 0.62
 3.82 3.76
 3.53 3.48
 0.80 0.73
 2.69 2.63
 2.00 1.93
 6.07 6.02
 4.11 4.05
 1.61 1.54
 1.00 0.94
 0.93 0.87
 1.48 1.42
 0.47 0.40
 0.82 0.76
 0.19 0.16
 2.51 2.44
 2.52 2.47
 2.81 2.75
 1.72 1.65
 1.23 1.17
 1.12 1.06
 2.89 2.84
 0.29 0.22
 0.08 0.06
 0.64 0.57
 0.91 0.85
 0.33 0.26
 2.34 2.27
 1.76 1.68
 0.58 0.51
 0.24 0.18
 0.83 0.77
 0.68 0.60
